  0.373070   0.195138   0.503384
  0.141579   0.132781   0.770326
  0.766809   0.143561   0.114369
  0.616347   0.228722   0.184731
  0.005628   1.014842   0.000000
  0.131002   0.795510   0.086795
  0.302100   0.291249   0.427555
  0.249681   0.412550   0.363966
  0.236793   0.194494   0.616892
  0.403119   0.150627   0.502880
  0.633397   0.108047   0.287551
  0.056319   0.935287   0.054684
  0.115388   0.162825   0.750787
  0.514514   0.258929   0.247297
  0.427772   0.446406   0.168314
  0.647956   0.105914   0.273435
  0.443031   0.352898   0.234190
  0.618565   0.237188   0.171503
  0.352807   0.320662   0.348701
  0.954769   0.053947   0.032168
  0.295617   0.451600   0.279924
  0.707979   0.177974   0.143499
  0.502849   0.288502   0.241002
  0.223772   0.604155   0.203000
  0.311226   0.356817   0.357156
  0.691430   0.111551   0.230094
  1.003001   0.026141   0.007557
  0.104637   0.018634   0.921902
  0.246938   0.346728   0.447780
  0.415218   0.274564   0.340645
  0.513119   0.266018   0.242433
  0.314970   0.388113   0.317529
  0.631103   0.251742   0.138340
  0.205779   0.219423   0.641011
  0.315225   0.111020   0.608114
  0.260197   0.408625   0.357922
  0.035227   0.814790   0.184663
  0.724973   0.090242   0.226856
  0.000000   1.096959   0.000000
  0.155780   0.126222   0.770116
  0.788537   0.093836   0.150431
  0.162571   0.132018   0.747472
  0.139193   0.487019   0.403507
  0.133902   0.404313   0.504270
  0.149834   0.568307   0.323870
  1.028017   0.007268   0.054335
  0.673762   0.160140   0.198808
  0.673762   0.160140   0.198808
  0.687272   0.214474   0.121838
  0.849756   0.085104   0.107643
  0.356992   0.326342   0.332300
  0.172564   0.472422   0.386109
  0.154266   0.849085   0.006909
  0.548472   0.173293   0.329777
  0.195499   0.387221   0.438111
  0.230706   0.553407   0.255414
  0.230246   0.360568   0.442103
  0.218416   0.599343   0.220786
  0.480929   0.223254   0.324716
  0.268013   0.294938   0.467446
  0.090992   0.207385   0.727322
  0.134323   0.251653   0.640839
  0.127287   0.749989   0.174341
  0.374134   0.529338   0.140550
  0.343017   0.387000   0.290745
  0.015010   0.108212   0.915682
  0.272899   0.187423   0.576483
  0.371340   0.235854   0.428991
  0.192622   0.716542   0.126731
  0.650194   0.274373   0.115266
  0.283801   0.354333   0.389451
  0.981829   0.035237   0.029701
  0.665111   0.142268   0.239066
  0.330325   0.499116   0.203216
  0.286041   0.229319   0.504860
  0.191881   0.604963   0.250832
  0.353747   0.260189   0.410400
  0.289240   0.401587   0.327508
  0.052141   0.049050   0.933875
  0.450385   0.225197   0.366268
  0.538117   0.291687   0.200205
  0.000000   0.443568   0.596091
  0.284292   0.226752   0.523151
  0.414271   0.192138   0.411280
  0.357731   0.314498   0.346333
  0.903186   0.132759   0.011696
  0.292926   0.536353   0.209477
  0.298960   0.392453   0.326649
  0.668767   0.202341   0.150578
  0.417128   0.141702   0.481622
  0.968037   0.038169   0.030256
  0.375146   0.281405   0.365805
  0.326450   0.338062   0.354231
  0.061802   0.773339   0.244598
  0.381773   0.307642   0.344084
  0.803146   0.129793   0.091519
  0.482493   0.259614   0.286526
  0.570539   0.278449   0.191941
  0.903186   0.132759   0.011696
  0.436909   0.330153   0.255372
  0.158897   0.615656   0.266362
  0.331002   0.091767   0.622008
  0.419831   0.386845   0.222184
  0.218605   0.384661   0.413953
  0.741512   0.130234   0.159934
  0.115738   0.046571   0.865940
  0.444580   0.471257   0.117294
  0.315507   0.263969   0.438376
  0.488208   0.285982   0.246863
  0.244140   0.513119   0.278848
  0.268446   0.322801   0.438633
  0.666273   0.170041   0.194921
  0.152371   0.720081   0.157892
  0.094275   0.093112   0.843285
  0.193187   0.352933   0.473098
  0.304868   0.495465   0.245038
  0.120805   0.514529   0.406206
  0.254835   0.208000   0.569180
  0.024195   0.963703   0.044642
  0.172706   0.469790   0.394254
  0.235589   0.298470   0.475603
  0.223027   0.381616   0.413425
  0.328824   0.397489   0.295693
  0.375910   0.204758   0.439969
  1.036635   0.000000   0.000000
  0.579467   0.322534   0.124815
  0.034875   0.831603   0.171181
  0.528231   0.270147   0.226974
  0.305536   0.319621   0.412933
  0.647956   0.105914   0.273435
  0.286041   0.229319   0.504860
  0.642025   0.066671   0.333592
  0.323759   0.245454   0.444680
  0.520392   0.291477   0.217395
  0.138863   0.217773   0.661821
  0.146881   0.775356   0.092161
  0.207798   0.573072   0.254699
  0.441287   0.034650   0.563608
  0.456958   0.416179   0.160075
  0.727111   0.081686   0.228440
  0.054911   0.903209   0.081579
  0.190827   0.337007   0.495081
  0.109598   0.292629   0.631225
  0.625382   0.235068   0.170372
  0.298817   0.350834   0.367430
  0.286400   0.260302   0.504419
  0.235177   0.677181   0.113148
  0.303475   0.304984   0.426806
  1.022579   0.007278   0.009966
  0.734755   0.181577   0.128831
  0.835086   0.119162   0.069365
  1.036635   0.000000   0.000000
  0.117346   0.808793   0.103597
  0.578561   0.105109   0.346678
  0.819478   0.082470   0.139078
  0.079749   0.078457   0.880318
  0.317611   0.485053   0.232747
  0.447091   0.343871   0.242260
  0.312058   0.356090   0.357845
  0.219592   0.483007   0.327249
  0.224917   0.732326   0.080681
  0.543825   0.314325   0.175386
  0.018132   0.015885   0.997964
  0.000000   0.426676   0.622239
  0.424440   0.407467   0.202319
  0.220284   0.604993   0.212194
  0.360005   0.393848   0.276709
  0.393243   0.632893   0.000000
  0.135169   0.122999   0.794171
  0.927964   0.056950   0.057770
  0.349317   0.526203   0.163260
  0.089092   0.086538   0.854024
  0.735960   0.077521   0.229740
  0.642025   0.066671   0.333592
  0.422919   0.387873   0.217248
  0.366865   0.395704   0.272642
  0.660084   0.433874   0.044464
  0.554522   0.217443   0.250407
  0.383668   0.406712   0.239687
  0.450330   0.271168   0.300896
  0.254784   0.433941   0.341116
  0.517483   0.076755   0.447169
  0.229660   0.515085   0.286734
  0.389072   0.293800   0.342709
  0.164836   0.347873   0.497594
  0.850431   0.041310   0.164623
  0.621951   0.226237   0.171702
  0.332524   0.357518   0.324246
  0.375357   0.274304   0.381874
  0.114822   0.282777   0.630830
  0.386286   0.706909   0.029821
  0.324157   0.390326   0.308094
  0.438552   0.137060   0.465248
  0.132710   0.527322   0.386155
  0.242537   0.561182   0.234363
  0.148251   0.221682   0.656243
  0.578680   0.127640   0.327308
  0.620546   0.145769   0.268837
  1.008736   0.017017   0.010206
  0.038508   0.013773   0.975525
  0.178305   0.372827   0.462420
  0.533325   0.146812   0.355241
  0.127209   0.798677   0.098217
  0.155411   0.605955   0.281671
  0.276070   0.189601   0.568167
  0.676178   0.111882   0.236262
  0.323745   0.331154   0.363316
  0.711084   0.133999   0.194207
  0.254835   0.208000   0.569180
  0.078148   0.067815   0.896307
  0.477048   0.427694   0.125456
  0.805426   0.080895   0.154538
  0.441999   0.155708   0.451276
  0.379644   0.261641   0.386746
  0.360152   0.078884   0.599929
  0.179871   0.740963   0.112654
  0.276502   0.320158   0.432905
  0.212792   0.391708   0.412650
  0.332884   0.207105   0.506497
  0.968037   0.038169   0.030256
  0.176071   0.358100   0.474408
  0.262193   0.525290   0.246450
  0.246647   0.416843   0.363015
  0.113363   0.299280   0.617674
  0.581286   0.158637   0.304687
  0.260730   0.520887   0.251833
  0.183720   0.520627   0.324991
  0.629680   0.235103   0.161390
  0.147755   0.770212   0.093202
  0.768197   0.152134   0.110340
  0.228172   0.496230   0.306193
  0.439103   0.375035   0.218812
  0.140104   0.397126   0.498521
  0.145933   0.619135   0.270658
  0.147194   0.231184   0.652581
  0.367481   0.351564   0.312533
  0.630446   0.219734   0.171490
  0.359859   0.415913   0.265577
  0.253259   0.357084   0.421383
  0.388089   0.264791   0.371431
  0.145198   0.316443   0.579462
  0.576795   0.175842   0.268539
  0.054364   0.970469   0.026913
  0.317338   0.367225   0.342468
  0.148292   0.267914   0.598655
  0.695338   0.152645   0.195921
  0.790402   0.102564   0.148535
  0.625670   0.179614   0.224974
  0.395382   0.318646   0.313417
  0.117532   0.885451   0.044706
  0.968037   0.038169   0.030256
  0.216263   0.646093   0.180435
  0.085200   0.084017   0.860112
  0.739654   0.173139   0.132908
  0.320373   0.487890   0.229227
  0.330248   0.541882   0.160239
  0.403648   0.306845   0.314367
  0.205726   0.465493   0.359202
  0.176994   0.321904   0.520506
  1.034189   0.000000   0.000000
  0.430668   0.339078   0.278954
  0.634779   0.081341   0.336562
  0.920487   0.076920   0.074794
  0.392567   0.154693   0.504357
  0.857201   0.085926   0.097756
  0.297724   0.376213   0.346797
  0.265608   0.315604   0.448641
  0.198973   0.100701   0.752028
  0.305730   0.266448   0.445866
  0.238511   0.570244   0.224486
  0.618716   0.278977   0.134966
  0.042121   0.937333   0.059186
  0.131592   0.144676   0.771293
  0.458464   0.249516   0.322401
  0.027075   0.025496   0.977131
  0.333541   0.197111   0.537329
  0.375081   0.314035   0.338850
  0.235177   0.677181   0.113148
  0.568624   0.282647   0.181921
  0.176137   0.174402   0.697129
  0.091322   0.091098   0.846997
  0.180542   0.178934   0.691481
  0.250769   0.270778   0.512302
  0.777708   0.190446   0.073483
  0.508633   0.259343   0.255325
  0.441287   0.034650   0.563608
  0.993013   0.003896   0.048344
  0.178619   0.424265   0.420671
  0.055525   0.010322   0.975248
  0.260003   0.389325   0.373391
  0.063617   0.887816   0.070919
  0.264113   0.480974   0.276145
  0.005628   1.014842   0.000000
  0.377020   0.271376   0.382066
  0.954769   0.053947   0.032168
  0.294490   0.370085   0.353443
  0.385712   0.291377   0.347039
  0.768197   0.152134   0.110340
  0.294440   0.335765   0.389892
  0.284056   0.481935   0.257536
