  0.348389   0.405101   0.846933
  0.678788   0.252151   0.699760
  0.488928   0.486335   0.725702
  0.114697   0.146011   0.985199
  0.997215   0.015298   0.077097
  0.771039   0.509450   0.414663
  0.032908   0.999508   0.014981
  0.296619   0.728690   0.628940
  0.578653   0.588140   0.569397
  1.000084   0.013559   0.000000
  0.464782   0.238850   0.863222
  0.696844   0.584988   0.433122
  0.998829   0.062228   0.016192
  0.849481   0.382250   0.403724
  0.537146   0.474754   0.703288
  0.614333   0.536009   0.584012
  0.457832   0.541575   0.715124
  0.823799   0.505283   0.304474
  0.270373   0.443269   0.856061
  0.576835   0.070576   0.821572
  0.134327   0.981683   0.138869
  0.133068   0.969357   0.210685
  0.090389   0.992827   0.095090
  0.809341   0.358941   0.471193
  0.999039   0.055609   0.015854
  0.050722   0.983837   0.174298
  0.602455   0.339317   0.736549
  0.292883   0.915103   0.292515
  0.703801   0.549484   0.468589
  0.216466   0.577964   0.791916
  0.590196   0.428823   0.691126
  0.082076   0.987930   0.147665
  0.539458   0.680958   0.505259
  0.234078   0.552994   0.808346
  0.635976   0.640549   0.443602
  0.438487   0.862890   0.265246
  0.343371   0.917563   0.218060
  1.000150   0.000000   0.001375
  0.590099   0.651547   0.498487
  0.180673   0.941371   0.300945
  0.004298   0.003300   1.000324
  0.197546   0.970063   0.171129
  0.868168   0.500014   0.137688
  0.264917   0.029160   0.965244
  0.795933   0.514409   0.336199
  0.790010   0.420649   0.464641
  0.062744   0.264866   0.968185
  0.889918   0.201534   0.417084
  0.836080   0.459458   0.328820
  0.281937   0.262877   0.924602
  0.712448   0.561171   0.441032
  0.610559   0.081624   0.797261
  0.974128   0.087107   0.215595
  0.983041   0.144911   0.119741
  0.989863   0.125168   0.091222
  0.563804   0.221910   0.801148
  0.670596   0.227168   0.711779
  0.000000   0.993640   0.145721
  0.621655   0.654392   0.439559
  0.532638   0.550126   0.648408
  0.866132   0.095209   0.496257
  0.021176   0.999878   0.000000
  0.106784   0.419133   0.909482
  0.987095   0.112065   0.125220
  0.504221   0.762120   0.419312
  0.557341   0.443860   0.714369
  0.992071   0.063203   0.122491
  1.000084   0.013559   0.000000
  0.572615   0.416243   0.711854
  0.336668   0.860310   0.399618
  0.338537   0.909069   0.270251
  0.187165   0.594438   0.788053
  0.496442   0.869189   0.025517
  0.207890   0.248124   0.948549
  0.311875   0.332588   0.893073
  0.453512   0.460700   0.766075
  0.203473   0.907994   0.387104
  0.819425   0.363482   0.465045
  0.545035   0.785651   0.309788
  0.609557   0.561525   0.567617
  0.396901   0.398890   0.827690
  0.551236   0.646312   0.546353
  0.203330   0.519752   0.837980
  0.640017   0.606016   0.492988
  0.290441   0.370852   0.886088
  0.239519   0.924040   0.306762
  0.361484   0.528202   0.774874
  0.000000   1.000250   0.000000
  0.447580   0.182526   0.878163
  0.672779   0.653058   0.381627
  0.499477   0.617591   0.620105
  0.506232   0.744123   0.464645
  0.395868   0.886343   0.250931
  0.883342   0.170556   0.452024
  0.319797   0.854403   0.429568
  0.201366   0.482072   0.858449
  0.559063   0.690100   0.479741
  0.659713   0.602773   0.457908
  0.428641   0.044543   0.904613
  0.093028   0.979785   0.182392
  0.420722   0.540087   0.733370
  0.183710   0.964953   0.208914
  0.000282   1.001023   0.037269
  0.450767   0.845863   0.290309
  0.195418   0.828163   0.539465
  0.200104   0.946845   0.267089
  0.349767   0.419833   0.840176
  0.403546   0.853375   0.349266
  0.672921   0.495106   0.554397
  0.499504   0.753006   0.439462
  0.773410   0.321909   0.568955
  0.176940   0.223165   0.961552
  0.363476   0.565350   0.741321
  0.874866   0.318618   0.383660
  0.133850   0.000000   0.992953
  0.976020   0.143626   0.170626
  0.975460   0.163701   0.156719
  0.134430   0.981937   0.136446
  0.863748   0.354415   0.381223
  0.346423   0.847975   0.410509
  0.366991   0.926080   0.130740
  0.339071   0.916567   0.234674
  0.137852   0.990372   0.066184
  0.286848   0.196098   0.939606
  0.371630   0.865447   0.351139
  0.340268   0.808323   0.487218
  0.826856   0.346836   0.451636
  0.727752   0.629555   0.283132
  0.979367   0.117131   0.179371
  0.906853   0.266673   0.336392
  0.626099   0.539950   0.571026
  0.836725   0.544883   0.107750
  0.440175   0.524442   0.732020
  0.992777   0.080917   0.112375
  0.456458   0.839775   0.307749
  0.047419   0.999201   0.001363
  0.454508   0.898387   0.000000
  0.462303   0.318890   0.837421
  0.381946   0.791742   0.500525
  0.223629   0.112097   0.972128
  0.987584   0.167257   0.026310
  0.281469   0.350398   0.894566
  0.125214   0.816506   0.574344
  0.270449   0.623814   0.743494
  0.364182   0.727934   0.591446
  0.388993   0.850681   0.377836
  0.333596   0.853732   0.417183
  0.298718   0.578413   0.770989
  0.577751   0.422733   0.705112
  0.644593   0.515078   0.573418
  0.637706   0.512503   0.581907
  0.479801   0.170970   0.866419
  0.589005   0.469266   0.673422
  0.166223   0.302549   0.941922
  0.622029   0.514450   0.594554
  0.507451   0.744547   0.443272
  0.132425   0.271674   0.956617
  0.153087   0.983467   0.110317
  0.395969   0.446890   0.803661
  0.442760   0.546626   0.714803
  0.365433   0.774296   0.528639
  0.440561   0.824824   0.361446
  0.320810   0.417067   0.851805
  0.231952   0.925725   0.306603
  0.742269   0.221817   0.643846
  0.210915   0.975922   0.077289
  0.330884   0.686506   0.656661
  0.730047   0.456121   0.525380
  0.194592   0.930859   0.324299
  0.464273   0.836446   0.306507
  0.736112   0.461239   0.513408
  0.329172   0.226760   0.918330
  0.081042   0.054349   0.996479
  0.713294   0.631600   0.306377
  0.224156   0.033273   0.978350
  0.213983   0.718434   0.669937
  0.286590   0.832195   0.492679
  0.570650   0.773240   0.304129
  0.496188   0.310679   0.820782
  0.099483   0.000000   0.997510
  0.409460   0.619042   0.675308
  0.865850   0.152698   0.480618
  0.947115   0.329290   0.000000
  0.527584   0.694496   0.496247
  0.891493   0.188799   0.420020
  0.363596   0.385055   0.854682
  0.284757   0.467560   0.843291
  0.631567   0.595906   0.507755
  0.537353   0.622642   0.593044
  0.345058   0.114211   0.933458
  0.598159   0.371676   0.730075
  0.327223   0.008705   0.946830
  0.742546   0.562107   0.367488
  0.147873   0.357925   0.928355
  0.261476   0.233335   0.937513
  0.598509   0.561563   0.576839
  0.718095   0.590946   0.395036
  0.082526   0.995809   0.058587
  0.105526   0.988747   0.116493
  0.964412   0.129447   0.241123
  0.163173   0.469581   0.871938
  0.051603   0.984292   0.173845
  0.573268   0.644799   0.531818
  0.625338   0.372913   0.694108
  0.943482   0.165557   0.295809
  0.844968   0.424418   0.356179
  0.999085   0.041544   0.039329
  0.553003   0.424377   0.726065
  0.024496   0.019240   1.000059
  0.982477   0.146282   0.131702
  0.096285   0.087071   0.993542
  0.993488   0.081233   0.106390
  0.649616   0.542536   0.541557
  0.962249   0.134864   0.245838
  0.354912   0.815252   0.463164
  0.483942   0.804883   0.359397
  0.287347   0.861966   0.435568
  0.668913   0.765921   0.041130
  0.599690   0.756390   0.273888
  0.540445   0.817469   0.229246
  0.534857   0.564698   0.633269
  0.395240   0.842254   0.383369
  0.387174   0.574095   0.726697
  0.382728   0.762738   0.533192
  0.682705   0.721193   0.167421
  0.974781   0.180694   0.137333
  0.611890   0.653157   0.463729
  0.751205   0.251347   0.615315
  0.659904   0.169813   0.739694
  0.703632   0.379046   0.615841
  0.144662   0.840613   0.531859
  0.772462   0.416567   0.494737
  0.336480   0.800308   0.502750
  0.515737   0.530411   0.676851
  0.986530   0.004385   0.176192
  0.236441   0.562701   0.798644
  0.677983   0.579890   0.484099
  0.821505   0.301124   0.495994
  0.903821   0.386833   0.191424
  0.127118   0.979087   0.166037
  0.621809   0.065650   0.789187
  0.761677   0.592084   0.283425
  0.220281   0.966313   0.158299
  0.224058   0.192436   0.958110
  0.998471   0.037209   0.051228
  0.942128   0.168989   0.298693
  0.870249   0.289259   0.418589
  0.770593   0.091780   0.635418
  0.518480   0.856703   0.000000
  0.841070   0.408949   0.380950
  0.312246   0.646464   0.712341
  0.644005   0.620105   0.466654
  0.482070   0.740860   0.480369
  0.531646   0.768418   0.362153
  0.165947   0.171132   0.973330
  0.104951   0.992891   0.079261
  0.990372   0.094855   0.110366
  0.875929   0.423740   0.237033
  0.818552   0.305489   0.494176
  0.959506   0.000112   0.292733
  0.055345   0.049053   0.997705
  0.534673   0.487709   0.692428
  0.224512   0.346896   0.911750
  0.218367   0.707089   0.679803
  0.567668   0.337856   0.771807
  0.351037   0.040541   0.938790
  0.994377   0.072015   0.084215
  0.541416   0.509030   0.670420
  0.078539   0.069425   0.994975
  0.507547   0.479425   0.721896
  0.403138   0.819610   0.421654
  0.982979   0.158514   0.105329
  0.119382   0.958545   0.261076
  0.064227   0.056913   0.996755
  0.239732   0.235875   0.943161
  0.529226   0.756027   0.390377
  0.687810   0.378675   0.631813
  0.828287   0.323350   0.466057
  0.258634   0.950819   0.194790
  0.493187   0.758631   0.438628
  0.995103   0.066342   0.079888
  0.628454   0.335105   0.722849
  0.289576   0.805889   0.527405
  0.736465   0.477582   0.499292
  0.379057   0.662793   0.656803
  0.873692   0.386380   0.340431
  0.775546   0.519624   0.389618
  0.080415   0.980822   0.192888
  0.390730   0.588169   0.711195
  0.313056   0.921661   0.243166
  0.180873   0.540464   0.826383
  0.415528   0.570149   0.711604
  0.057647   0.994002   0.106043
  0.330076   0.790959   0.539687
  0.165452   0.985510   0.080521
  0.568332   0.774265   0.298648
  0.814496   0.455672   0.407617
  0.196432   0.952892   0.237529
  0.776307   0.016671   0.644973
  0.367021   0.692934   0.625773
