  1.000000   0.001377
  0.984313   0.010508
  0.962813   0.020808
  0.943038   0.030239
  0.926070   0.039648
  0.908144   0.048523
  0.890406   0.057981
  0.873746   0.066790
  0.857304   0.075758
  0.842422   0.084222
  0.826870   0.092649
  0.811672   0.101104
  0.795499   0.109753
  0.781811   0.117865
  0.766635   0.126086
  0.753453   0.134136
  0.738910   0.142013
  0.726331   0.149577
  0.712615   0.157652
  0.700370   0.165031
  0.686177   0.173078
  0.674285   0.180861
  0.662871   0.187003
  0.651535   0.194351
  0.638950   0.202100
  0.627685   0.210166
  0.616245   0.217116
  0.604737   0.225007
  0.594156   0.232566
  0.582398   0.239354
  0.571832   0.246062
  0.562180   0.253971
  0.549915   0.260147
  0.539191   0.266993
  0.528992   0.273761
  0.519520   0.281152
  0.509662   0.287618
  0.499639   0.294222
  0.490232   0.301065
  0.479770   0.308541
  0.470942   0.315175
  0.461557   0.322309
  0.453075   0.329442
  0.443423   0.336290
  0.435182   0.342646
  0.426194   0.349640
  0.417194   0.356775
  0.408145   0.363035
  0.399391   0.369799
  0.390703   0.376936
  0.382365   0.383626
  0.373982   0.390817
  0.365570   0.397237
  0.357270   0.404338
  0.349495   0.411774
  0.341017   0.418057
  0.333167   0.424414
  0.324633   0.431974
  0.316448   0.439183
  0.309195   0.446212
  0.301129   0.452978
  0.293597   0.459814
  0.285713   0.467355
  0.277712   0.475011
  0.270414   0.481687
  0.263159   0.490167
  0.255503   0.497096
  0.248067   0.504968
  0.240282   0.511115
  0.232212   0.519442
  0.225327   0.527056
  0.217946   0.534837
  0.210663   0.543033
  0.203343   0.551239
  0.196037   0.559417
  0.188520   0.567404
  0.181243   0.576132
  0.174091   0.584739
  0.166836   0.593445
  0.159946   0.602883
  0.152703   0.611525
  0.145146   0.620797
  0.138175   0.630709
  0.130970   0.640538
  0.123215   0.650941
  0.116609   0.661906
  0.109336   0.673108
  0.102047   0.684194
  0.094238   0.695504
  0.087367   0.707817
  0.079797   0.720832
  0.071729   0.734686
  0.064663   0.748500
  0.057411   0.764338
  0.049680   0.781240
  0.041923   0.797949
  0.033767   0.819431
  0.025859   0.844171
  0.017617   0.870903
  0.008769   0.910769
