  1.000000   0.000427
  0.995375   0.009830
  0.990317   0.019863
  0.984914   0.030579
  0.980314   0.039489
  0.974337   0.051207
  0.968939   0.061621
  0.963360   0.072364
  0.957861   0.083182
  0.952166   0.094126
  0.946252   0.105058
  0.940511   0.115865
  0.934434   0.127292
  0.928342   0.138669
  0.922531   0.150251
  0.916167   0.161388
  0.909587   0.173192
  0.903181   0.184806
  0.896612   0.196786
  0.889916   0.208632
  0.883072   0.220900
  0.876326   0.232895
  0.869172   0.245175
  0.862109   0.257581
  0.854805   0.270031
  0.847531   0.282772
  0.840213   0.295051
  0.832510   0.307973
  0.824939   0.320868
  0.816974   0.333614
  0.808761   0.346828
  0.800759   0.359850
  0.792472   0.373069
  0.784107   0.386337
  0.775794   0.399030
  0.767029   0.413168
  0.758132   0.426247
  0.749148   0.439721
  0.739976   0.453503
  0.730788   0.466941
  0.721245   0.480710
  0.711873   0.494777
  0.702355   0.508430
  0.692169   0.522367
  0.682124   0.536083
  0.672004   0.549877
  0.661591   0.563680
  0.651254   0.577483
  0.640799   0.591245
  0.629450   0.605576
  0.619030   0.618369
  0.607486   0.632394
  0.595748   0.646393
  0.584520   0.659520
  0.573418   0.672918
  0.561640   0.686353
  0.549684   0.699728
  0.537378   0.712402
  0.524840   0.725462
  0.512696   0.737972
  0.500500   0.750705
  0.487872   0.763223
  0.475210   0.775547
  0.461624   0.787395
  0.449280   0.798844
  0.436584   0.809909
  0.423177   0.821601
  0.409828   0.832250
  0.396623   0.843824
  0.383373   0.853586
  0.369886   0.863322
  0.356464   0.872965
  0.343034   0.882390
  0.329646   0.891463
  0.316328   0.900064
  0.302703   0.908765
  0.289337   0.916466
  0.275698   0.924083
  0.262464   0.931422
  0.249300   0.938024
  0.236081   0.944408
  0.222623   0.950619
  0.209794   0.956124
  0.196780   0.961396
  0.183944   0.966265
  0.171176   0.970791
  0.158699   0.974943
  0.146084   0.978813
  0.133840   0.982269
  0.121711   0.985279
  0.109608   0.988042
  0.097899   0.990455
  0.085822   0.992667
  0.074653   0.994462
  0.063450   0.996021
  0.052152   0.997336
  0.040697   0.998422
  0.030876   0.999088
  0.020238   0.999627
  0.009673   0.999931
