  0.852785  -0.770889
  0.847478  -0.763235
  0.845571  -0.754238
  0.844189  -0.746240
  0.842672  -0.735839
  0.841505  -0.726787
  0.840467  -0.717490
  0.839412  -0.707885
  0.838697  -0.698686
  0.837623  -0.688387
  0.836769  -0.677970
  0.836036  -0.667916
  0.835177  -0.657174
  0.834380  -0.646629
  0.833564  -0.635657
  0.832799  -0.623956
  0.832037  -0.612826
  0.831346  -0.600618
  0.830605  -0.589774
  0.829801  -0.577213
  0.829020  -0.563831
  0.828368  -0.552529
  0.827557  -0.538073
  0.826814  -0.524467
  0.826137  -0.510370
  0.825397  -0.496426
  0.824660  -0.481145
  0.824053  -0.466184
  0.652508  -0.458193
  0.652508  -0.458193
  0.652508  -0.458193
  0.652508  -0.458193
  0.652508  -0.458193
  0.648180  -0.451692
  0.644843  -0.439334
  0.642527  -0.425281
  0.640487  -0.412244
  0.638770  -0.396029
  0.637029  -0.380936
  0.635566  -0.364700
  0.633791  -0.348422
  0.632425  -0.331780
  0.631061  -0.314266
  0.629715  -0.295853
  0.628242  -0.277590
  0.626980  -0.258654
  0.625577  -0.238629
  0.624315  -0.218445
  0.622822  -0.196092
  0.621538  -0.174954
  0.620366  -0.151496
  0.619290  -0.129968
  0.453923  -0.124218
  0.453923  -0.124218
  0.453923  -0.124218
  0.453923  -0.124218
  0.453923  -0.124218
  0.453923  -0.124218
  0.453923  -0.124218
  0.450869  -0.122140
  0.444455  -0.104175
  0.440272  -0.083122
  0.436641  -0.058578
  0.433473  -0.034702
  0.430297  -0.005942
  0.427476   0.022018
  0.424582   0.052882
  0.421889   0.084537
  0.418916   0.118538
  0.416075   0.154010
  0.413155   0.192165
  0.410195   0.231651
  0.257839   0.242162
  0.257839   0.242162
  0.257839   0.242162
  0.257839   0.242162
  0.257839   0.242162
  0.257839   0.242162
  0.257839   0.242162
  0.257839   0.242162
  0.253734   0.244297
  0.243646   0.267616
  0.235527   0.303147
  0.228527   0.343497
  0.221331   0.392969
  0.214495   0.443317
  0.207080   0.499650
  0.198911   0.561588
  0.189983   0.623278
  0.083545   0.669706
  0.083545   0.669706
  0.083545   0.669706
  0.083545   0.669706
  0.083545   0.669706
  0.083545   0.669706
  0.075741   0.672857
  0.061282   0.699848
  0.046448   0.742745
  0.031717   0.799118
  0.016171   0.869857
