1.0032  0.000158225
0.995597  0.00329192
0.988268  0.00677132
0.98176  0.00993867
0.97563  0.0131326
0.969345  0.0165538
0.96332  0.0196052
0.957791  0.0230126
0.951749  0.0261643
0.946051  0.0292494
0.941053  0.0325112
0.934098  0.0357182
0.929009  0.0386632
0.92151  0.0419107
0.915944  0.0446722
0.910801  0.0480708
0.905554  0.05114
0.900582  0.0541951
0.895678  0.0572582
0.890413  0.0602558
0.885109  0.0632241
0.878622  0.0662264
0.873511  0.0691656
0.868153  0.0720846
0.862661  0.0749324
0.855709  0.0779385
0.85059  0.080729
0.845895  0.0836051
0.839892  0.0865237
0.835483  0.0892706
0.830784  0.092363
0.825592  0.0949128
0.820184  0.0978521
0.815073  0.100862
0.810653  0.103156
0.805546  0.106353
0.802476  0.108265
0.797668  0.111987
0.794354  0.115066
0.78844  0.117456
0.785238  0.119967
0.780114  0.122249
0.772418  0.125802
0.768652  0.128549
0.765445  0.13169
0.759086  0.133893
0.756537  0.137092
0.750498  0.138825
0.745825  0.142166
0.741957  0.144677
0.738252  0.147566
0.733936  0.150362
0.729759  0.152952
0.724361  0.15508
0.719117  0.157643
0.715384  0.160157
0.709798  0.162719
0.70642  0.165759
0.700552  0.168155
0.696423  0.170651
0.692476  0.173168
0.68983  0.175456
0.685252  0.1776
0.681156  0.181004
0.676996  0.183395
0.671108  0.185612
0.668252  0.188635
0.664152  0.191136
0.659467  0.193064
0.654642  0.195909
0.651388  0.198355
0.647617  0.200823
0.644027  0.203268
0.639854  0.205979
0.634941  0.208209
0.631507  0.210228
0.626872  0.212744
0.623345  0.215115
0.619334  0.217722
0.615157  0.220115
0.611843  0.222433
0.608232  0.22487
0.603801  0.227337
0.599785  0.22972
0.596866  0.231971
0.593258  0.233892
0.590037  0.236989
0.586762  0.23963
0.583391  0.242536
0.579062  0.244508
0.576791  0.247363
0.572764  0.249464
0.568461  0.251713
0.565489  0.254255
0.561305  0.255557
0.55772  0.258021
0.554687  0.26085
0.551542  0.263402
0.547896  0.265793
0.544287  0.267924
0.540288  0.270528
0.537259  0.27277
0.533787  0.274962
0.530493  0.277226
0.527183  0.279749
0.5239  0.282233
0.520244  0.283958
0.517304  0.286672
0.514326  0.289312
0.511341  0.291886
0.507994  0.294131
0.504477  0.296127
0.500834  0.298574
0.498218  0.301133
0.495437  0.303494
0.491136  0.305336
0.488357  0.307892
0.486168  0.310883
0.482819  0.313268
0.480318  0.315794
0.476109  0.318024
0.472974  0.320066
0.469384  0.322353
0.466873  0.324384
0.462512  0.326535
0.46007  0.328711
0.456564  0.330691
0.452998  0.332826
0.450221  0.33525
0.447532  0.337718
0.444267  0.340084
0.441102  0.342228
0.437575  0.34435
0.434653  0.346765
0.432596  0.348975
0.429125  0.350991
0.426368  0.35348
0.423261  0.356169
0.420607  0.358522
0.41771  0.360232
0.414353  0.362706
0.411147  0.364878
0.408431  0.367179
0.405088  0.369591
0.402269  0.371773
0.399677  0.374277
0.396906  0.376583
0.394264  0.378467
0.391385  0.381531
0.388758  0.383619
0.386032  0.386455
0.382323  0.388425
0.379619  0.390058
0.377456  0.392994
0.374658  0.395018
0.371991  0.397461
0.368439  0.400134
0.365743  0.401632
0.362049  0.404716
0.360884  0.406666
0.357446  0.409018
0.354926  0.411197
0.351694  0.413549
0.349377  0.415961
0.346441  0.417767
0.343898  0.420517
0.341146  0.422888
0.338712  0.425275
0.335782  0.427605
0.333094  0.430021
0.330281  0.431887
0.327964  0.434611
0.325426  0.437332
0.321857  0.439671
0.319652  0.44199
0.316902  0.444587
0.314777  0.447197
0.312158  0.449176
0.308946  0.451313
0.30645  0.454121
0.303093  0.455664
0.300612  0.457993
0.298259  0.460499
0.295987  0.461883
0.292808  0.465107
0.290415  0.467182
0.287822  0.469652
0.285215  0.472106
0.28256  0.474462
0.279936  0.476832
0.277169  0.479507
0.274964  0.481621
0.27226  0.484505
0.270118  0.487113
0.267443  0.489604
0.26495  0.492104
0.262364  0.494859
0.259721  0.497463
0.257309  0.499706
0.254582  0.501949
0.252317  0.504579
0.250166  0.507248
0.247764  0.510848
0.24511  0.513322
0.242611  0.51561
0.240115  0.518215
0.237518  0.520608
0.235165  0.523462
0.232609  0.52567
0.229595  0.528793
0.227579  0.530268
0.224476  0.532767
0.222157  0.536291
0.21998  0.539268
0.21724  0.540442
0.214645  0.543832
0.21205  0.546496
0.209847  0.549085
0.207433  0.551443
0.205028  0.554236
0.20258  0.557178
0.200109  0.560012
0.197438  0.562699
0.195315  0.565619
0.192512  0.568163
0.190087  0.570364
0.18747  0.573492
0.185087  0.576253
0.182701  0.578544
0.180259  0.581747
0.177872  0.584664
0.175349  0.58756
0.173114  0.590597
0.170712  0.593662
0.168319  0.596992
0.165757  0.599962
0.163487  0.603038
0.16119  0.606448
0.158527  0.609719
0.156115  0.613035
0.153424  0.614999
0.151241  0.618022
0.148842  0.621272
0.146374  0.624309
0.143948  0.627451
0.141306  0.630624
0.138919  0.63373
0.136445  0.636658
0.13416  0.640272
0.131612  0.64331
0.129287  0.646133
0.126697  0.649782
0.124189  0.653135
0.12174  0.656831
0.119423  0.660077
0.117045  0.663658
0.114532  0.667046
0.111992  0.671021
0.109652  0.673987
0.107172  0.678058
0.104737  0.681654
0.102358  0.685328
0.0999059  0.689102
0.0973936  0.692667
0.0950106  0.697
0.0924767  0.700567
0.0900534  0.70537
0.0876865  0.709083
0.0851218  0.713292
0.082513  0.717146
0.079978  0.721171
0.0774882  0.725417
0.0750552  0.729966
0.0726843  0.734833
0.0701521  0.739901
0.0676164  0.745207
0.0648498  0.749637
0.062554  0.754126
0.0599337  0.759488
0.0575609  0.76512
0.0547007  0.771187
0.0523628  0.776698
0.0499218  0.782819
0.0473491  0.788582
0.0446701  0.796265
0.0420787  0.803024
0.0387136  0.813528
0.036992  0.816965
0.0342478  0.823364
0.0317352  0.835393
0.028376  0.843128
0.026227  0.851223
0.0225016  0.860924
0.0204149  0.86752
0.0179834  0.882671
0.0150704  0.903081
0.0124402  0.912173
0.0066832  0.936382
0.00638894  0.948475
0.00272067  1.00893
