1 0.94418 0.991047 1 1 1 0.992842 0.996548 0.999211 0.999934 0.983041 0.990048 0.980386 0.99159 0.993724 0.999808 0.980585 1 0.990486 1 1 1 1 0.999823 0.981254 0.986578 1 0.984996 0.993243 1 
0.995109 0.978643 0.986122 0.999982 0.98442 0.950753 0.98856 1 0.976047 0.999847 0.997952 0.984913 0.979199 0.968069 0.955891 1 0.965703 0.972 0.985643 0.967025 0.997682 1 1 0.978804 0.976247 0.993547 1 0.99547 0.976905 0.935039 
0.988175 0.986486 1 1 0.998557 0.94249 1 0.994746 0.987638 0.999864 0.997531 0.969218 0.975857 0.936934 1 1 1 0.953754 0.97934 1 0.945412 0.993691 0.97959 0.994242 0.964993 0.994763 0.995511 1 0.960691 0.946554 
0.98165 0.985713 1 0.999668 1 0.955479 0.998107 0.99898 0.987206 0.99986 0.993156 0.97651 0.97735 0.934385 1 1 1 0.965 0.980569 0.991772 0.948301 0.993563 0.998899 0.997499 0.965954 0.99294 1 0.999842 0.962931 0.945622 
0.975322 1 1 0.983077 1 0.953897 0.997056 1 0.990498 0.99125 0.992692 0.982326 1 0.969729 1 1 1 0.96975 0.955309 1 0.947502 0.924663 0.940628 0.950115 0.962164 0.963956 0.978638 0.982329 1 0.932621 
0.969216 0.973137 0.983968 0.997874 0.984601 0.989904 0.998541 1 0.973805 0.99981 0.981171 0.968732 0.958458 0.971077 0.969247 0.981349 0.942933 1 0.991186 0.994358 0.98691 0.999321 0.960531 1 0.976199 0.968899 1 0.994913 0.976669 0.929096 
0.963081 0.970056 0.991902 0.995513 0.978567 0.985901 0.979797 0.998514 0.980173 0.999815 0.985524 0.963656 0.953906 0.950237 0.971472 0.975294 0.936218 0.999504 0.988434 1 0.96888 1 0.952144 0.963482 0.963869 0.982658 0.958432 0.948653 0.988261 0.917434 
0.957724 0.977553 0.986728 0.920393 0.999609 0.981024 0.991144 0.986546 0.998729 0.999795 0.969785 0.94629 0.935214 0.94271 0.956712 0.943053 0.988178 0.900802 0.998 0.984411 0.934227 0.989124 0.910024 0.942732 1 0.921266 0.930029 0.983955 0.949254 0.919521 
0.951134 0.973643 1 0.962344 0.99264 0.966727 0.959353 0.986621 0.999082 0.999876 0.983344 0.969221 0.943799 0.955641 0.898595 0.956924 0.976516 0.931266 1 0.927861 0.945753 0.925935 0.905466 0.883734 0.970019 0.961133 0.918238 0.945538 0.965767 0.854562 
0.945216 0.980193 1 0.961984 0.993568 0.977035 0.974721 0.986712 0.988176 0.999851 0.985092 0.9682 0.938859 0.949395 0.902216 0.95231 0.976486 0.933935 0.981257 1 0.936367 0.935267 0.92816 0.942071 0.949515 0.982538 0.939638 0.949239 0.940837 0.848555 
0.940381 0.975296 0.995066 0.956319 0.995775 1 0.97765 1 1 0.99984 1 0.96635 0.944395 0.93026 0.915255 0.935866 1 0.923866 0.99312 1 0.899473 0.95193 0.899706 0.904193 1 0.922155 0.907553 0.957749 0.946972 0.900805 
0.93387 0.958764 0.97943 1 0.995974 0.93016 0.926637 0.999617 0.987551 1 0.955847 0.951461 0.903653 0.958564 0.955282 0.885046 0.902523 0.892983 1 0.96605 0.945157 0.847934 0.914144 0.904246 0.918343 0.881302 0.891249 0.923123 0.864586 0.861307 
0.928926 0.956 0.959101 0.982305 0.994312 0.916227 0.944647 0.993569 0.946118 0.999906 0.941743 0.881468 0.935634 0.912138 0.914778 0.941663 0.953078 0.875943 0.941972 0.912283 0.878258 0.841095 0.882797 0.818703 0.889441 0.838423 0.816996 0.91307 0.918004 0.877781 
0.921481 0.963668 0.96389 0.98286 0.993069 0.919334 0.950536 0.993888 0.941987 0.999972 0.94524 0.944972 0.92868 0.905611 0.917465 0.940398 0.961585 0.876449 0.954265 0.906053 0.919266 0.830849 0.883487 0.835218 0.880754 0.84778 0.847771 0.872378 0.917945 0.881694 
0.915696 0.962194 0.971733 0.970583 0.996392 0.921189 0.960014 0.989037 0.945388 1 0.948085 0.94315 0.932247 0.907945 0.931375 0.914559 0.957729 0.888974 0.945521 0.873705 0.921211 0.856601 0.847523 0.842009 0.874364 0.857518 0.871236 0.833428 0.913163 0.84257 
0.910763 0.948379 0.956097 0.890335 0.996188 0.929696 0.965487 0.989335 0.937599 1 0.975559 0.928107 0.933607 0.909217 0.92386 0.886151 0.922035 0.883901 0.939737 0.904548 0.940548 0.826423 0.859162 0.881413 0.867715 0.878804 0.847715 0.780633 0.917335 0.829368 
0.904583 0.93032 0.974319 1 0.998078 0.961622 0.947344 0.905613 0.969931 1 0.969343 0.939011 0.926087 0.88858 0.921423 0.92843 0.882744 0.88125 0.872367 0.870092 0.834644 0.825458 0.885495 0.884637 0.913962 0.881963 0.857378 0.891107 0.918233 0.868407 
0.89983 0.934682 0.972209 0.999709 0.997761 0.964521 0.986775 0.916741 0.969431 0.99992 0.958855 0.950754 0.924676 0.890523 0.9185 0.911154 0.887986 0.888999 0.88193 0.856767 0.856728 0.831305 0.847675 0.917576 0.908906 0.877718 0.876872 0.907351 0.911702 0.743089 
0.89471 0.93404 0.974653 1 0.999374 0.95058 0.940328 0.972628 0.91606 1 0.968901 0.936396 0.942039 0.889703 0.922034 0.919743 0.885826 0.882232 0.895682 0.86988 0.853363 0.814568 0.889868 0.892141 0.882029 0.885874 0.858564 0.930905 0.918871 0.86267 
0.889298 0.935733 0.975604 0.99454 1 0.941778 0.934868 0.969309 0.920139 1 0.966596 0.932412 0.906907 0.890163 0.908281 0.909699 0.885993 0.881228 0.895635 0.874235 0.852718 0.810606 0.888168 0.901715 0.876377 0.88632 0.845721 0.876913 0.952816 0.846659 
0.885026 0.944118 0.949242 0.954542 0.979505 0.943395 1 1 1 0.999735 0.994739 0.860453 0.886746 0.909378 0.987542 0.96238 0.906839 0.88524 0.860498 0.89567 0.779969 0.82047 0.817757 0.856314 0.925667 0.806531 0.796525 0.860852 0.833221 0.781609 
0.878335 0.920306 0.935586 0.941559 0.951611 0.948481 0.988342 0.954606 0.971741 0.973746 0.979972 0.855757 0.86517 0.829818 1 0.906901 0.879033 0.887301 0.862817 0.847217 0.789332 0.808124 0.812682 0.80644 0.93864 0.817634 0.839698 0.80682 0.818598 0.737241 
0.873173 0.918303 0.943245 0.943423 0.951227 0.960599 0.981845 1 0.990466 0.974051 0.978246 0.853907 0.85789 0.821448 1 0.885652 0.887648 0.887441 0.849113 0.859447 0.789129 0.810883 0.800353 0.804791 0.914638 0.817736 0.832859 0.823003 0.816375 0.738492 
0.867772 0.913903 0.923178 0.895654 0.961657 0.910149 0.959182 0.872162 0.914662 0.967886 0.966024 0.859241 0.828416 0.888674 0.940896 0.865423 0.862682 0.88785 0.90526 0.824669 0.772057 0.788115 0.835746 0.820682 0.812766 0.818995 0.706654 0.708095 0.822906 0.703 
0.862506 0.916649 0.925687 0.979169 0.966298 0.937278 0.92621 0.89666 0.887068 0.982922 0.984156 0.789192 0.829258 0.86759 0.773897 0.782079 0.861082 0.878901 0.870353 0.8091 0.800378 0.779287 0.810214 0.819595 0.79954 0.806242 0.762237 0.73332 0.756521 0.715351 
0.855296 0.913564 0.941736 0.974276 0.939671 0.930557 0.925905 0.924579 0.877356 0.963923 0.974135 0.795652 0.83341 0.855747 0.800473 0.776315 0.85383 0.860911 0.873018 0.807896 0.784357 0.776266 0.827294 0.762608 0.799944 0.809525 0.762488 0.734724 0.752117 0.704555 
0.850533 0.91684 0.92745 0.881634 0.966503 0.91228 0.952879 0.888725 0.902306 0.966709 0.957888 0.845705 0.846497 0.897816 0.860723 0.831631 0.860554 0.888688 0.903365 0.826408 0.773362 0.783582 0.835867 0.812474 0.802472 0.818519 0.701305 0.710573 0.825248 0.705511 
0.845864 0.925243 0.92024 0.925486 0.950334 0.901993 0.861927 0.910791 0.948682 0.973566 0.973159 0.84047 0.843703 0.901542 0.891514 0.82664 0.860162 0.900417 0.9244 0.831905 0.764183 0.7698 0.848386 0.81514 0.785512 0.794688 0.715885 0.720905 0.786275 0.695614 
0.839803 0.914928 0.925723 0.912451 0.966308 0.941114 0.930271 0.932962 0.886865 0.983801 0.978091 0.77824 0.828824 0.868883 0.849801 0.808481 0.863964 0.910205 0.874049 0.808826 0.795537 0.779395 0.810155 0.819825 0.797301 0.808105 0.762394 0.734 0.784317 0.716857 
0.835416 0.915952 0.921973 0.974054 0.949862 0.944169 0.926212 0.927032 0.896883 0.98178 0.980713 0.795927 0.829203 0.868173 0.799996 0.770506 0.860947 0.873466 0.876683 0.809785 0.780222 0.775981 0.818261 0.82337 0.800771 0.808021 0.764807 0.73518 0.751838 0.718162 
0.830506 0.917652 0.895897 0.954267 0.997618 0.981485 0.935138 0.922788 0.856062 0.935614 0.98486 0.794518 0.832903 0.865047 0.843779 0.811604 0.853172 0.852861 0.867412 0.815824 0.699681 0.794212 0.760051 0.835017 0.785757 0.766573 0.733437 0.712444 0.726308 0.706778 
0.825464 0.903724 0.898305 0.911785 0.993508 0.97122 0.87655 0.911405 0.98033 0.862632 0.943448 0.756457 0.818025 0.816458 0.844039 0.825608 0.786413 0.745434 0.807027 0.793464 0.76104 0.75806 0.729615 0.794276 0.729367 0.778073 0.703815 0.732513 0.74616 0.669105 
0.820095 0.900715 0.897522 0.904697 0.993129 0.95219 0.872555 0.911096 0.983477 0.873939 0.9752 0.75787 0.815046 0.816585 0.846837 0.827511 0.787643 0.768844 0.807471 0.790549 0.755405 0.758156 0.73791 0.790165 0.716507 0.788379 0.687189 0.733774 0.745692 0.669114 
0.815023 0.904175 0.895863 0.950909 0.993172 0.95167 0.863002 0.922262 0.978254 0.91113 0.97213 0.766043 0.815112 0.816961 0.846853 0.82715 0.788839 0.767642 0.795898 0.780051 0.756019 0.751687 0.742395 0.79003 0.71546 0.787681 0.682326 0.733575 0.748165 0.674509 
0.810117 0.920588 0.889357 0.924755 0.972568 0.919994 0.863372 0.918226 0.930635 0.910531 0.98626 0.774149 0.804294 0.788415 0.838499 0.810434 0.843924 0.790179 0.795268 0.783119 0.777942 0.753672 0.77796 0.743259 0.698642 0.747972 0.815886 0.705778 0.750459 0.667541 
0.804897 0.920795 0.887639 0.923192 0.976837 0.919857 0.917975 0.916233 0.917541 0.915099 0.999714 0.774772 0.810189 0.751247 0.839103 0.809531 0.83878 0.815474 0.79448 0.759349 0.774489 0.752729 0.768583 0.742597 0.689912 0.74323 0.780085 0.706331 0.751351 0.668542 
0.801653 0.92357 0.890184 0.932707 0.949415 0.888524 0.876352 0.912568 0.927635 0.909911 0.913792 0.785079 0.805926 0.865681 0.837943 0.811889 0.832422 0.790712 0.829746 0.784256 0.754494 0.742189 0.777414 0.750017 0.708321 0.727714 0.85008 0.693042 0.760698 0.66614 
0.797541 0.883925 0.886457 0.982076 0.99112 0.899735 0.879337 0.917978 0.968316 0.88984 0.901335 0.767229 0.800288 0.782499 0.805153 0.828962 0.787496 0.720854 0.801715 0.75177 0.735951 0.778994 0.742492 0.614019 0.698335 0.800761 0.685852 0.737912 0.750797 0.659193 
0.794284 0.898196 0.89586 0.949736 0.98852 0.916993 0.829518 0.922307 0.991325 0.906927 0.97327 0.761389 0.820976 0.840569 0.84583 0.824387 0.796105 0.733327 0.782157 0.801869 0.805787 0.760934 0.701829 0.783932 0.713672 0.790752 0.668613 0.728756 0.753701 0.68329 
0.788303 0.876751 0.89154 0.983427 0.993384 0.891989 0.883383 0.911939 0.961246 0.90824 0.902791 0.777285 0.791685 0.782261 0.80685 0.87877 0.78737 0.721063 0.806769 0.76104 0.733509 0.745262 0.745379 0.609662 0.69827 0.766925 0.712951 0.722489 0.760574 0.654661 
0.78423 0.861287 0.865101 0.903809 0.748828 0.875762 0.864076 0.862191 0.895532 0.865288 0.852408 0.862503 0.765706 0.695167 0.836989 0.764021 0.791753 0.788034 0.923048 0.798422 0.692805 0.688624 0.679453 0.697544 0.672825 0.664681 0.678489 0.659089 0.652931 0.673916 
0.77943 0.863656 0.865104 0.904035 0.765319 0.870751 0.871334 0.862202 0.899337 0.864267 0.860339 0.861886 0.765375 0.699077 0.834806 0.771741 0.790227 0.790354 0.924868 0.798624 0.694548 0.685442 0.681159 0.693143 0.673024 0.664461 0.677715 0.674863 0.662806 0.674419 
0.772211 0.869092 0.868095 0.910002 0.890231 0.857413 0.830194 0.874358 0.900207 0.854764 0.831842 0.858313 0.763715 0.707079 0.836833 0.750441 0.785106 0.786454 0.889013 0.79047 0.686224 0.691416 0.63472 0.696532 0.666615 0.660303 0.623783 0.653469 0.634469 0.673911 
0.768496 0.870067 0.866027 0.906056 0.84549 0.842825 0.84275 0.860927 0.861482 0.845952 0.806229 0.858313 0.769941 0.707556 0.832329 0.748703 0.784952 0.785037 0.896116 0.789843 0.717538 0.677841 0.641999 0.703352 0.666447 0.653922 0.627678 0.617104 0.680606 0.675818 
0.765264 0.868883 0.862697 0.89925 0.824785 0.87283 0.800358 0.859912 0.882533 0.845027 0.787933 0.864275 0.779333 0.740434 0.815304 0.747263 0.762439 0.75614 0.842028 0.795232 0.710524 0.59312 0.633878 0.670846 0.702359 0.629436 0.590241 0.569919 0.719146 0.690396 
0.759004 0.868522 0.862564 0.913089 0.954636 0.876931 0.942762 0.862009 0.806554 0.815999 0.75692 0.796967 0.782529 0.72049 0.767598 0.795465 0.744009 0.742565 0.778975 0.81247 0.713221 0.577462 0.698586 0.714493 0.690067 0.650074 0.640914 0.638008 0.67111 0.574474 
0.756329 0.868767 0.855287 0.885309 0.850091 0.874523 0.809699 0.843829 0.869591 0.871631 0.786035 0.856681 0.773135 0.740975 0.784209 0.865935 0.755433 0.754063 0.847461 0.797903 0.715307 0.605366 0.618846 0.646614 0.700011 0.634278 0.626937 0.575031 0.721529 0.692945 
0.750479 0.868552 0.862485 0.910708 0.941437 0.876983 0.914621 0.862005 0.803158 0.822817 0.759773 0.794181 0.780316 0.720766 0.75878 0.818018 0.732999 0.74218 0.781159 0.824464 0.715395 0.581912 0.687259 0.692335 0.692024 0.636183 0.641211 0.633098 0.673835 0.594688 
0.745735 0.854165 0.862197 0.843878 0.886895 0.802942 0.861333 0.808398 0.77592 0.825092 0.859676 0.815628 0.773898 0.739751 0.79457 0.788831 0.743857 0.744259 0.791031 0.789229 0.577317 0.607648 0.687246 0.628056 0.669309 0.654307 0.708445 0.612907 0.678966 0.699471 
0.741936 0.857042 0.862608 0.841663 0.88656 0.805474 0.85495 0.809772 0.778589 0.819471 0.8793 0.820483 0.773078 0.739314 0.788244 0.793053 0.743549 0.744677 0.705006 0.789358 0.567923 0.587692 0.689026 0.61729 0.664021 0.655925 0.579421 0.611891 0.681297 0.696261 
0.738227 0.863292 0.862013 0.857039 0.964462 0.838956 0.85667 0.801528 0.777682 0.807567 0.784018 0.828393 0.759958 0.741385 0.679074 0.784495 0.743523 0.74617 0.760932 0.776742 0.55264 0.600555 0.679365 0.633331 0.664405 0.667928 0.607868 0.61594 0.661344 0.687595 
0.733903 0.857187 0.862349 0.861838 0.951164 0.794034 0.851653 0.802538 0.762509 0.801278 0.786238 0.820832 0.751842 0.739664 0.723866 0.801919 0.744307 0.732935 0.740414 0.792261 0.59564 0.60531 0.68809 0.553743 0.658708 0.653899 0.619368 0.612021 0.676955 0.678556 
0.72968 0.856445 0.862792 0.841321 0.885963 0.809466 0.853275 0.810947 0.778944 0.819413 0.878031 0.819754 0.773274 0.739382 0.7907 0.792607 0.743436 0.744643 0.706717 0.789345 0.570926 0.579391 0.690178 0.616184 0.662196 0.658665 0.535506 0.612238 0.681002 0.696454 
0.721992 0.840917 0.801831 0.840641 0.876051 0.914076 0.775276 0.85682 0.882636 0.841752 0.819532 0.74928 0.687054 0.731151 0.621479 0.743442 0.729574 0.661848 0.652023 0.707967 0.578949 0.566997 0.67602 0.581227 0.626535 0.61031 0.609554 0.550489 0.640536 0.462265 
0.71706 0.842833 0.801615 0.81038 0.88658 0.906323 0.778126 0.865841 0.88881 0.842172 0.819274 0.736077 0.685098 0.721406 0.629456 0.740657 0.726025 0.65515 0.681038 0.719169 0.572749 0.547399 0.57914 0.573308 0.553759 0.60506 0.598186 0.550727 0.636135 0.46227 
0.713643 0.849387 0.803297 0.809375 0.889282 0.876922 0.776794 0.816869 0.873882 0.864164 0.812389 0.702797 0.710928 0.748861 0.658161 0.738405 0.733125 0.634043 0.685313 0.723344 0.586788 0.543665 0.492059 0.560849 0.643214 0.61026 0.584277 0.523084 0.60894 0.477761 
0.708228 0.845459 0.802126 0.832184 0.887326 0.887069 0.800444 0.79447 0.881936 0.878221 0.840128 0.72257 0.668057 0.747748 0.623202 0.714255 0.741643 0.660243 0.650386 0.733926 0.557559 0.613625 0.560818 0.541806 0.584016 0.606057 0.581532 0.527691 0.630542 0.47573 
0.704816 0.843005 0.799637 0.781301 0.896719 0.896073 0.767853 0.816291 0.902916 0.865881 0.818091 0.719031 0.683371 0.747216 0.619112 0.736446 0.731605 0.657694 0.685417 0.719559 0.589875 0.541596 0.543487 0.565301 0.492645 0.61215 0.588325 0.542817 0.629789 0.461109 
0.699317 0.843962 0.801971 0.820773 0.881263 0.857557 0.773211 0.813652 0.899897 0.864073 0.841632 0.718561 0.678797 0.75802 0.61955 0.734284 0.741862 0.650052 0.636758 0.739179 0.579485 0.604835 0.543923 0.558921 0.584761 0.625745 0.597674 0.527906 0.619153 0.47187 
0.695534 0.845027 0.806291 0.829544 0.896982 0.899903 0.774163 0.81401 0.898656 0.862987 0.828397 0.709434 0.679811 0.754437 0.625002 0.733764 0.746488 0.653087 0.659264 0.734349 0.580897 0.529295 0.552038 0.559576 0.56125 0.618902 0.605723 0.537605 0.628602 0.464656 
0.691425 0.844706 0.801901 0.855551 0.896923 0.899144 0.771342 0.815296 0.895829 0.863216 0.830366 0.702351 0.67729 0.753118 0.625431 0.73387 0.745686 0.653633 0.658294 0.732717 0.582305 0.525594 0.552562 0.56177 0.560951 0.618846 0.593954 0.538165 0.628371 0.462775 
0.688719 0.843906 0.799649 0.798718 0.850784 0.907402 0.730713 0.810792 0.91013 0.860624 0.818781 0.69939 0.680171 0.739618 0.624189 0.727739 0.72913 0.665427 0.687614 0.719401 0.593009 0.552691 0.543984 0.569331 0.500504 0.625994 0.583184 0.536924 0.656769 0.467988 
0.684319 0.844122 0.801782 0.81234 0.885173 0.852158 0.775747 0.814184 0.899837 0.864293 0.839525 0.718598 0.678841 0.756696 0.619604 0.735059 0.74114 0.649772 0.633575 0.734332 0.572435 0.607797 0.543939 0.560166 0.574616 0.62175 0.597488 0.529044 0.62006 0.4717 
0.679762 0.853453 0.800921 0.840987 0.793914 0.719275 0.858881 0.771571 0.850294 0.76878 0.771971 0.701723 0.648186 0.688121 0.603023 0.667048 0.728682 0.716773 0.683587 0.702772 0.487109 0.509782 0.605599 0.508605 0.509473 0.578142 0.526932 0.523846 0.556083 0.407045 
0.675924 0.81988 0.789482 0.80014 0.811788 0.774133 0.863623 0.768987 0.845492 0.791598 0.77742 0.72081 0.625944 0.71554 0.614532 0.625623 0.676495 0.699739 0.71471 0.7349 0.493174 0.502211 0.583414 0.490402 0.471216 0.578613 0.529236 0.509631 0.554971 0.385853 
0.670684 0.810658 0.800096 0.836067 0.813764 0.796715 0.821846 0.793157 0.824358 0.824901 0.785492 0.73451 0.661958 0.62447 0.595907 0.646771 0.621883 0.61608 0.705007 0.693708 0.535641 0.492508 0.548684 0.508489 0.530588 0.515489 0.441641 0.521274 0.577621 0.448694 
0.667676 0.800297 0.799974 0.825572 0.810973 0.783377 0.914288 0.79523 0.831305 0.838849 0.787713 0.748562 0.657755 0.626726 0.598708 0.654876 0.602123 0.624395 0.700093 0.685031 0.581953 0.503069 0.544381 0.511748 0.515647 0.551275 0.419476 0.520425 0.599173 0.436851 
0.663405 0.819681 0.787665 0.918223 0.806439 0.784018 0.858002 0.769089 0.888583 0.789002 0.767328 0.703293 0.638104 0.713932 0.614515 0.672232 0.678408 0.713923 0.685942 0.714952 0.497158 0.497454 0.59164 0.4969 0.476308 0.569476 0.522658 0.513881 0.572901 0.380786 
0.658629 0.818437 0.783431 0.784878 0.807452 0.782326 0.857946 0.773497 0.875088 0.797158 0.768775 0.704029 0.636362 0.707756 0.617929 0.67263 0.676506 0.719621 0.678668 0.702397 0.484733 0.498613 0.583691 0.496708 0.479507 0.580404 0.523778 0.513638 0.582755 0.398025 
0.654031 0.785657 0.79988 0.844571 0.770517 0.792166 0.862528 0.784059 0.828364 0.828555 0.785666 0.735867 0.655146 0.62432 0.60501 0.676992 0.635162 0.612991 0.698644 0.70757 0.577528 0.487289 0.545824 0.480469 0.532939 0.540062 0.463544 0.511564 0.590025 0.449674 
0.650848 0.789473 0.822308 0.79481 0.773317 0.79649 0.850338 0.784089 0.845163 0.848216 0.778164 0.709598 0.649652 0.632553 0.603807 0.67395 0.639311 0.627985 0.696429 0.671679 0.57428 0.532581 0.548043 0.46772 0.471062 0.530668 0.425926 0.512404 0.613791 0.474427 
0.646866 0.784561 0.785238 0.900454 0.80767 0.779477 0.923091 0.765405 0.789624 0.783173 0.801624 0.730591 0.683122 0.653318 0.610895 0.663082 0.665485 0.602881 0.661923 0.654278 0.575654 0.494063 0.510621 0.466973 0.512089 0.510738 0.527535 0.51634 0.494015 0.438371 
0.643628 0.791454 0.785469 0.902798 0.807656 0.773589 0.941772 0.761112 0.788459 0.78214 0.811836 0.672684 0.665978 0.686671 0.608589 0.664898 0.677827 0.61946 0.661129 0.649726 0.575488 0.47992 0.509866 0.449747 0.534368 0.532481 0.537116 0.518172 0.478963 0.386165 
0.639572 0.805812 0.784089 0.92182 0.783341 0.777001 0.913606 0.758962 0.803674 0.78134 0.808681 0.645091 0.675344 0.669995 0.625353 0.662079 0.62812 0.604387 0.649893 0.613253 0.605329 0.460793 0.492699 0.44875 0.530993 0.546106 0.518935 0.515268 0.482805 0.426433 
0.633899 0.76402 0.793416 0.78731 0.760928 0.790797 0.832292 0.787065 0.799496 0.763293 0.764474 0.593432 0.630564 0.606313 0.56769 0.688262 0.553694 0.584058 0.656249 0.584582 0.507159 0.499574 0.525263 0.493052 0.487547 0.440191 0.518221 0.505638 0.482938 0.347543 
0.630542 0.763064 0.791884 0.788154 0.751899 0.801578 0.831841 0.787171 0.793559 0.759587 0.764581 0.593123 0.625353 0.617302 0.568517 0.688368 0.553766 0.583898 0.652451 0.585028 0.502267 0.529109 0.522417 0.493343 0.484267 0.441592 0.51858 0.505547 0.506696 0.342062 
0.626101 0.763499 0.790551 0.788708 0.752005 0.800434 0.829854 0.786532 0.793708 0.758089 0.765156 0.593582 0.625308 0.615677 0.573523 0.685139 0.554393 0.600248 0.652055 0.58759 0.50348 0.527146 0.529726 0.504364 0.487286 0.441738 0.507308 0.494944 0.519274 0.341512 
0.62269 0.763568 0.790798 0.788701 0.751958 0.801643 0.82836 0.790152 0.793801 0.760743 0.764598 0.596786 0.626179 0.6173 0.58172 0.687525 0.553663 0.592427 0.652422 0.587281 0.507246 0.566054 0.516825 0.488348 0.484267 0.441529 0.524185 0.499231 0.507011 0.342079 
0.618366 0.763327 0.765438 0.798044 0.746848 0.801143 0.843059 0.794585 0.792419 0.756267 0.784268 0.593803 0.613582 0.605912 0.585552 0.674468 0.556142 0.574104 0.614372 0.633059 0.499841 0.480911 0.513607 0.532356 0.441343 0.455113 0.533085 0.511679 0.497933 0.330466 
0.614707 0.764008 0.777044 0.799457 0.747242 0.805774 0.849106 0.79571 0.794868 0.758301 0.766155 0.595364 0.624027 0.604668 0.579958 0.674126 0.556366 0.569119 0.642786 0.594332 0.502133 0.48074 0.511223 0.522877 0.473937 0.453426 0.534345 0.514609 0.488184 0.330965 
0.611477 0.763745 0.776123 0.804983 0.745794 0.806171 0.855638 0.798801 0.793661 0.756481 0.763025 0.598035 0.625602 0.606708 0.592535 0.673375 0.554472 0.567635 0.642504 0.593149 0.490996 0.507882 0.510441 0.519404 0.47806 0.445773 0.536743 0.514821 0.50563 0.330781 
0.608002 0.765032 0.775947 0.777517 0.74509 0.805024 0.821188 0.801647 0.793041 0.770086 0.761926 0.618752 0.628426 0.617327 0.606955 0.674476 0.552121 0.574396 0.645993 0.59437 0.48733 0.413579 0.5253 0.520083 0.44604 0.441169 0.547681 0.513444 0.505199 0.33523 
0.603616 0.763773 0.773465 0.794127 0.766363 0.804956 0.8173 0.769666 0.801473 0.75341 0.761118 0.574499 0.624199 0.62161 0.594422 0.653215 0.552863 0.571745 0.644504 0.581385 0.489123 0.405126 0.499042 0.506131 0.457162 0.421894 0.524942 0.513116 0.463441 0.329045 
0.5997 0.767638 0.768134 0.805867 0.764166 0.826855 0.808848 0.764895 0.809684 0.755731 0.76153 0.577183 0.616399 0.617707 0.627322 0.654203 0.568569 0.591579 0.645315 0.607104 0.48424 0.406171 0.501076 0.497436 0.456382 0.425311 0.487543 0.514725 0.431524 0.340927 
0.596709 0.781581 0.781114 0.828031 0.796409 0.812158 0.791059 0.764175 0.826341 0.784435 0.785595 0.595089 0.635459 0.590878 0.629988 0.66174 0.564521 0.577525 0.649732 0.554123 0.495387 0.433689 0.411453 0.474343 0.434064 0.486162 0.461159 0.513685 0.445733 0.332239 
0.593217 0.763934 0.771773 0.7924 0.781392 0.811276 0.821097 0.776911 0.810803 0.753768 0.761174 0.595545 0.61873 0.624109 0.625427 0.615396 0.554011 0.594206 0.643457 0.581919 0.489658 0.407764 0.447821 0.507857 0.458388 0.419438 0.45568 0.510896 0.427529 0.331563 
0.590001 0.773177 0.771322 0.863266 0.752938 0.812227 0.757063 0.77369 0.829867 0.801219 0.777547 0.62893 0.613808 0.530032 0.618581 0.528845 0.539427 0.563385 0.612429 0.547608 0.49417 0.469232 0.411959 0.484807 0.443123 0.451033 0.465974 0.494337 0.42516 0.334757 
0.586279 0.776721 0.78468 0.839167 0.825283 0.812256 0.76348 0.757423 0.826897 0.775823 0.782108 0.589879 0.636115 0.585271 0.621097 0.661975 0.584042 0.588969 0.659161 0.597393 0.495503 0.400703 0.41287 0.469486 0.416122 0.468462 0.457056 0.512165 0.463746 0.33297 
0.583349 0.768287 0.768477 0.816634 0.746707 0.79716 0.787411 0.847197 0.829914 0.678214 0.766128 0.604014 0.618646 0.568394 0.58414 0.671586 0.545546 0.536365 0.641064 0.60067 0.506583 0.42076 0.40668 0.450604 0.409698 0.407284 0.450937 0.526945 0.456652 0.341572 
0.578903 0.757203 0.748782 0.835302 0.731218 0.809854 0.808507 0.729423 0.789692 0.784792 0.775686 0.612106 0.61565 0.559999 0.651492 0.641328 0.656448 0.605291 0.61137 0.559801 0.489903 0.415229 0.390307 0.422199 0.420617 0.423709 0.419123 0.452838 0.432389 0.365255 
0.574667 0.731394 0.720485 0.785603 0.742221 0.781009 0.730371 0.722254 0.756444 0.770077 0.788992 0.538221 0.559873 0.537156 0.521782 0.593808 0.531396 0.516113 0.583956 0.560872 0.502429 0.416641 0.420161 0.40848 0.380306 0.394312 0.361229 0.349425 0.414273 0.375172 
0.571637 0.735052 0.729884 0.715848 0.755556 0.776505 0.751144 0.706833 0.716154 0.761503 0.705761 0.582435 0.571444 0.569195 0.513141 0.569525 0.635416 0.515451 0.601464 0.554283 0.498014 0.413565 0.460086 0.420952 0.35087 0.382426 0.383378 0.403066 0.43228 0.396862 
0.568036 0.737504 0.740898 0.751741 0.75415 0.764241 0.760757 0.707776 0.746536 0.765069 0.706464 0.580942 0.583097 0.533934 0.534139 0.579854 0.625941 0.518985 0.609626 0.567143 0.499403 0.385624 0.459394 0.43412 0.372907 0.387346 0.330164 0.418312 0.435928 0.383294 
0.563948 0.73172 0.716759 0.770229 0.757948 0.778437 0.730905 0.74533 0.776645 0.771857 0.783822 0.584162 0.559514 0.551169 0.519226 0.580987 0.547936 0.506515 0.593463 0.569465 0.517405 0.403446 0.429308 0.412146 0.377719 0.404952 0.360176 0.344832 0.414134 0.387773 
0.560399 0.731999 0.723483 0.784442 0.732063 0.769305 0.738216 0.738186 0.721542 0.761813 0.790875 0.559117 0.566289 0.538206 0.5192 0.581027 0.590638 0.5211 0.579934 0.572435 0.458721 0.434155 0.415834 0.395574 0.373608 0.394155 0.411025 0.357459 0.425559 0.370354 
0.556951 0.730822 0.723268 0.784694 0.733045 0.769909 0.725915 0.717067 0.724381 0.761588 0.792121 0.558948 0.559618 0.540886 0.518453 0.582646 0.53454 0.521026 0.584381 0.566547 0.457617 0.435408 0.418731 0.38866 0.380248 0.394198 0.384984 0.352362 0.416202 0.370527 
0.554319 0.732927 0.729254 0.735862 0.755776 0.77647 0.748541 0.686566 0.717372 0.769283 0.723066 0.587376 0.564578 0.558479 0.52287 0.569686 0.558999 0.506722 0.601777 0.559267 0.500159 0.39654 0.458206 0.421709 0.352064 0.383234 0.364294 0.388854 0.420579 0.397217 
0.551422 0.736261 0.733637 0.778104 0.718563 0.771059 0.708292 0.705323 0.677418 0.714663 0.794018 0.530112 0.555362 0.527286 0.614429 0.554934 0.514557 0.485394 0.585646 0.634714 0.364564 0.370314 0.402543 0.342554 0.367657 0.394091 0.355533 0.368701 0.428808 0.32471 
0.547828 0.736171 0.732897 0.778325 0.712513 0.770876 0.708142 0.689942 0.669569 0.724518 0.80051 0.538527 0.553731 0.52066 0.553831 0.554187 0.515016 0.484709 0.579956 0.647133 0.365765 0.371381 0.428023 0.340694 0.365956 0.394216 0.353839 0.371905 0.420716 0.325318 
0.544084 0.73707 0.7234 0.772403 0.715787 0.753747 0.716143 0.699594 0.679205 0.772036 0.792587 0.523815 0.56436 0.506548 0.555361 0.56662 0.496524 0.52271 0.57814 0.529968 0.368779 0.369533 0.39377 0.333271 0.368603 0.381566 0.321513 0.347107 0.430747 0.354006 
0.540153 0.736963 0.72351 0.773203 0.717214 0.765076 0.716143 0.693571 0.682911 0.77358 0.796947 0.524945 0.561163 0.509465 0.567828 0.56796 0.498749 0.522628 0.572642 0.532458 0.369825 0.369469 0.39354 0.331491 0.367761 0.376732 0.322103 0.352958 0.422853 0.358126 
0.537131 0.744007 0.730839 0.809575 0.756157 0.773052 0.743542 0.68158 0.70542 0.801861 0.739306 0.548316 0.552343 0.528292 0.486954 0.558744 0.526982 0.537672 0.560406 0.483565 0.400196 0.362764 0.39556 0.425311 0.346971 0.38991 0.324584 0.333976 0.411673 0.358052 
0.533685 0.738865 0.736217 0.794211 0.749917 0.771634 0.72523 0.700428 0.688557 0.781796 0.666289 0.571375 0.533412 0.544654 0.497632 0.522531 0.476843 0.544455 0.582341 0.515513 0.398375 0.389539 0.318353 0.364138 0.364469 0.381989 0.345638 0.32773 0.398768 0.319418 
0.530383 0.738507 0.72598 0.783373 0.730669 0.770046 0.760999 0.648322 0.694834 0.778203 0.754119 0.552148 0.546778 0.521734 0.468365 0.566935 0.508767 0.539291 0.598439 0.542333 0.394612 0.382464 0.403912 0.359618 0.352175 0.404592 0.390557 0.350458 0.399554 0.358207 
0.526996 0.739633 0.725535 0.781319 0.749847 0.77527 0.75065 0.65575 0.689547 0.772943 0.737794 0.551409 0.543248 0.53705 0.479767 0.57181 0.510412 0.563939 0.608372 0.487588 0.376573 0.378885 0.396273 0.355341 0.351464 0.393025 0.367173 0.352582 0.401384 0.35697 
0.523442 0.740164 0.736908 0.804987 0.75084 0.770842 0.740224 0.697306 0.685984 0.788433 0.701739 0.567971 0.536043 0.537978 0.502993 0.561428 0.458217 0.545734 0.581675 0.497916 0.403364 0.386706 0.330026 0.366302 0.3693 0.382071 0.336655 0.334578 0.401174 0.328111 
0.519796 0.741122 0.727468 0.776914 0.752159 0.761651 0.751645 0.689028 0.708953 0.767787 0.762445 0.560469 0.535745 0.530858 0.508963 0.54735 0.503703 0.5221 0.583269 0.469408 0.364118 0.354413 0.357727 0.347368 0.360644 0.391817 0.351103 0.343809 0.396479 0.324407 
0.51686 0.737395 0.729095 0.778889 0.752893 0.762106 0.752582 0.681338 0.696172 0.769008 0.761476 0.560405 0.540558 0.532286 0.507871 0.559286 0.502227 0.519525 0.557241 0.465594 0.364905 0.375582 0.355918 0.341838 0.363344 0.388843 0.314677 0.340377 0.392865 0.358346 
0.514139 0.725441 0.727848 0.7532 0.748859 0.75412 0.698354 0.692248 0.65225 0.744643 0.762446 0.512297 0.568709 0.622279 0.502428 0.53102 0.469844 0.480396 0.533377 0.501338 0.367765 0.401402 0.460709 0.331031 0.355951 0.3552 0.398517 0.3634 0.402405 0.326897 
0.510735 0.728562 0.734972 0.746558 0.744888 0.815305 0.695554 0.689635 0.682533 0.74159 0.812546 0.522905 0.559069 0.573098 0.49807 0.540714 0.476826 0.513578 0.548632 0.492022 0.366152 0.397427 0.446072 0.327984 0.370947 0.375536 0.398742 0.380746 0.403795 0.20409 
0.507727 0.726897 0.704744 0.75723 0.71505 0.662582 0.655927 0.710445 0.66361 0.792201 0.728115 0.529192 0.497309 0.555151 0.463376 0.493699 0.501174 0.447609 0.494583 0.50957 0.296346 0.383285 0.351138 0.377631 0.285267 0.303944 0.318154 0.298446 0.413497 0.314131 
0.504391 0.714154 0.701852 0.7469 0.661422 0.65187 0.681025 0.696901 0.626228 0.781905 0.690486 0.489754 0.488329 0.550799 0.456799 0.490086 0.50427 0.460418 0.522494 0.526891 0.309432 0.390057 0.338636 0.350455 0.272082 0.308351 0.350585 0.361587 0.408695 0.290796 
0.500815 0.708769 0.703438 0.718246 0.663855 0.677513 0.678667 0.708313 0.635776 0.787051 0.641922 0.489336 0.482073 0.552436 0.482514 0.494735 0.510771 0.461882 0.514829 0.525661 0.30342 0.39128 0.34498 0.351707 0.271895 0.315439 0.351372 0.335776 0.413623 0.305763 
0.49783 0.724787 0.70984 0.755223 0.715988 0.711683 0.655973 0.712096 0.65017 0.79258 0.728166 0.496912 0.473902 0.55513 0.468007 0.534917 0.522895 0.449464 0.530314 0.518001 0.35748 0.385263 0.341768 0.36413 0.258109 0.285031 0.331637 0.296215 0.413062 0.294105 
0.494866 0.72734 0.702154 0.777835 0.672204 0.692704 0.667037 0.718775 0.706762 0.79366 0.736063 0.507473 0.470641 0.556748 0.467494 0.526246 0.502105 0.459455 0.536132 0.516686 0.340617 0.4056 0.321164 0.392154 0.246661 0.272638 0.346859 0.365274 0.397357 0.289789 
0.49113 0.700907 0.703156 0.68876 0.666179 0.681376 0.674138 0.701423 0.654592 0.767398 0.616621 0.496032 0.483764 0.550844 0.492391 0.486207 0.509538 0.467395 0.510263 0.532407 0.298646 0.333867 0.344002 0.367777 0.275802 0.315359 0.354622 0.407128 0.375705 0.318674 
0.48832 0.704616 0.697128 0.706769 0.66004 0.680392 0.680529 0.703711 0.631422 0.768304 0.61652 0.493457 0.481403 0.592695 0.505457 0.490787 0.522971 0.462898 0.510289 0.526624 0.296279 0.345608 0.335964 0.36584 0.276929 0.312086 0.350856 0.362831 0.378567 0.317804 
0.485237 0.69161 0.726689 0.715507 0.705767 0.751727 0.656466 0.738237 0.610072 0.755518 0.642609 0.53664 0.452142 0.520332 0.452103 0.429946 0.540795 0.456668 0.510014 0.497862 0.322411 0.424686 0.306487 0.338582 0.315417 0.307991 0.378881 0.428783 0.38832 0.288778 
0.482298 0.69482 0.717291 0.723334 0.699102 0.752414 0.64467 0.745145 0.597051 0.754469 0.638391 0.543832 0.455531 0.546553 0.449606 0.444791 0.546462 0.474681 0.516023 0.497403 0.326265 0.397286 0.306767 0.335744 0.325238 0.301484 0.374936 0.406955 0.423711 0.25776 
0.479279 0.660115 0.694172 0.627566 0.664618 0.654748 0.629306 0.754414 0.695114 0.688244 0.799921 0.515569 0.564198 0.541438 0.414588 0.455528 0.453482 0.50338 0.494252 0.471218 0.348908 0.362179 0.434006 0.244839 0.308956 0.37364 0.347328 0.293456 0.32618 0.214904 
0.474783 0.673477 0.65612 0.701029 0.680971 0.746422 0.749584 0.645964 0.639903 0.728817 0.664443 0.550818 0.472216 0.431509 0.418572 0.477872 0.480115 0.514209 0.432913 0.488662 0.271899 0.363399 0.297413 0.383729 0.285493 0.302291 0.39672 0.297474 0.241618 0.190395 
0.471627 0.672584 0.652894 0.781157 0.69595 0.766393 0.707161 0.643787 0.647039 0.718227 0.66185 0.523527 0.505579 0.418487 0.426773 0.485925 0.474145 0.514559 0.449533 0.52241 0.269267 0.327817 0.359905 0.357636 0.272977 0.272707 0.352861 0.279088 0.315063 0.190839 
0.467875 0.673706 0.646564 0.763498 0.696869 0.774112 0.699882 0.684147 0.620863 0.712971 0.678131 0.520905 0.497583 0.466082 0.426183 0.490157 0.461542 0.515145 0.448602 0.526183 0.255387 0.333497 0.277653 0.332048 0.278674 0.303125 0.333012 0.290447 0.292577 0.193662 
0.465431 0.67487 0.644967 0.748146 0.683197 0.741692 0.77645 0.675628 0.640094 0.718061 0.654861 0.522115 0.475126 0.457317 0.426124 0.482088 0.46985 0.515784 0.437902 0.487865 0.26091 0.327439 0.304085 0.386287 0.27613 0.285724 0.350096 0.268511 0.284392 0.196715 
0.461181 0.672085 0.643308 0.689822 0.690578 0.699028 0.638404 0.685161 0.619915 0.733085 0.632105 0.505131 0.45347 0.451082 0.424207 0.485172 0.435107 0.497503 0.453286 0.508328 0.249768 0.26952 0.304152 0.306886 0.289006 0.269705 0.350573 0.2743 0.312798 0.185727 
0.460039 0.681406 0.673668 0.641473 0.666897 0.744387 0.643026 0.66933 0.609844 0.73456 0.645496 0.502284 0.456217 0.457607 0.432605 0.484136 0.419358 0.50382 0.451987 0.448675 0.285705 0.270997 0.276527 0.212775 0.291164 0.284473 0.35465 0.239601 0.243947 0.186858 
0.455367 0.671348 0.640383 0.686157 0.68646 0.693531 0.646723 0.686321 0.619566 0.740159 0.63772 0.505768 0.45747 0.455383 0.426754 0.485711 0.431376 0.498168 0.45312 0.500607 0.254596 0.289813 0.298757 0.281062 0.289808 0.265625 0.35512 0.270959 0.307618 0.188 
0.452502 0.656475 0.657424 0.657605 0.654646 0.687181 0.647098 0.667351 0.609236 0.685628 0.63237 0.459144 0.431336 0.452265 0.426082 0.415454 0.449185 0.481931 0.484383 0.419221 0.295606 0.266604 0.304715 0.225686 0.294322 0.269744 0.312098 0.2296 0.338438 0.206538 
0.449386 0.678252 0.642564 0.663026 0.655791 0.668649 0.647854 0.682877 0.611055 0.665824 0.680259 0.437197 0.394409 0.446833 0.415062 0.421959 0.442348 0.514356 0.466484 0.42653 0.294527 0.273872 0.325174 0.234903 0.296661 0.258758 0.30221 0.243356 0.364586 0.206265 
0.446745 0.678524 0.642228 0.665189 0.66222 0.703099 0.632523 0.698027 0.665137 0.688845 0.622984 0.499049 0.446779 0.425168 0.4308 0.478126 0.475742 0.508801 0.472391 0.490359 0.22804 0.255811 0.285766 0.256251 0.273891 0.286868 0.309874 0.264986 0.387769 0.207477 
0.442782 0.696373 0.642468 0.663921 0.66029 0.66141 0.649153 0.678128 0.617039 0.701613 0.631416 0.500212 0.429906 0.446852 0.426586 0.421664 0.436845 0.530814 0.473548 0.433267 0.30357 0.255166 0.292109 0.234405 0.28647 0.268216 0.308369 0.249549 0.324787 0.191561 
0.439519 0.697559 0.643333 0.664288 0.658556 0.665773 0.646177 0.687288 0.633225 0.702875 0.676241 0.498528 0.371027 0.449275 0.424207 0.425081 0.401594 0.43501 0.472337 0.433833 0.276042 0.265341 0.320646 0.235472 0.282454 0.263213 0.302561 0.25266 0.31272 0.185632 
0.435866 0.697552 0.642478 0.664031 0.659339 0.654114 0.647368 0.678343 0.623934 0.703979 0.630515 0.497956 0.425729 0.447038 0.425821 0.426194 0.43813 0.44653 0.45383 0.441908 0.29556 0.272454 0.290973 0.277045 0.281174 0.268156 0.308732 0.247977 0.321025 0.191459 
0.433312 0.692671 0.645718 0.603663 0.648189 0.666288 0.628513 0.679449 0.631724 0.683181 0.677367 0.517355 0.396388 0.443405 0.424224 0.436345 0.412542 0.45424 0.461346 0.442201 0.263333 0.271825 0.30709 0.260787 0.282697 0.278236 0.284913 0.256605 0.311036 0.187604 
0.432428 0.644777 0.659626 0.643964 0.671719 0.645213 0.667619 0.722516 0.721262 0.715039 0.671529 0.378705 0.391494 0.425083 0.455281 0.493228 0.425415 0.422855 0.394457 0.395417 0.23163 0.330982 0.263349 0.312133 0.252005 0.25446 0.210392 0.263909 0.233301 0.165737 
0.429081 0.659528 0.659902 0.64268 0.720747 0.652685 0.679323 0.688822 0.680806 0.705058 0.683787 0.378477 0.429562 0.395392 0.457997 0.476669 0.421747 0.406357 0.414649 0.402078 0.253098 0.302256 0.244703 0.30695 0.286977 0.258823 0.211751 0.266794 0.207587 0.156683 
0.426278 0.661263 0.657449 0.640336 0.717228 0.654533 0.673672 0.708092 0.671813 0.735803 0.681882 0.388711 0.428899 0.410138 0.448283 0.493995 0.421767 0.410201 0.407699 0.40231 0.254319 0.304152 0.256487 0.299183 0.288944 0.252957 0.207518 0.266277 0.207536 0.148875 
0.423096 0.639192 0.644331 0.591664 0.590744 0.605512 0.608845 0.648181 0.629384 0.618924 0.619674 0.391245 0.398194 0.36345 0.417088 0.392071 0.403335 0.427958 0.382474 0.407278 0.300886 0.294365 0.249337 0.207314 0.23848 0.271698 0.192032 0.30777 0.214333 0.17072 
0.420433 0.642605 0.660264 0.66058 0.645783 0.626748 0.602448 0.658039 0.629974 0.617742 0.634457 0.4089 0.405755 0.358429 0.413699 0.378838 0.401366 0.483913 0.362717 0.511345 0.288186 0.3349 0.217097 0.224694 0.242139 0.269326 0.255896 0.199154 0.222975 0.162424 
0.417693 0.650259 0.645049 0.58656 0.563499 0.555719 0.606644 0.659433 0.629866 0.644363 0.619898 0.37133 0.387088 0.367761 0.422838 0.391965 0.40444 0.423958 0.404345 0.416099 0.323322 0.296249 0.256535 0.202617 0.238296 0.269854 0.233814 0.291696 0.264359 0.174336 
0.414332 0.642067 0.647928 0.652179 0.585845 0.603899 0.605253 0.647004 0.628885 0.616001 0.632746 0.386837 0.420011 0.354369 0.413257 0.384599 0.407452 0.388957 0.361219 0.43993 0.309676 0.28502 0.243804 0.202873 0.24239 0.269553 0.265619 0.165944 0.219486 0.161749 
0.410959 0.642562 0.654709 0.658613 0.592182 0.613496 0.603489 0.668837 0.626053 0.61903 0.634573 0.413457 0.406673 0.357741 0.413958 0.395846 0.406914 0.49549 0.360012 0.454312 0.268937 0.286324 0.227356 0.276511 0.23886 0.269424 0.26878 0.193811 0.225109 0.161752 
0.408154 0.64263 0.655083 0.660269 0.591548 0.613966 0.603527 0.665494 0.625397 0.61904 0.63407 0.412011 0.406993 0.357722 0.413915 0.396763 0.406987 0.496828 0.360134 0.46368 0.290226 0.286944 0.229672 0.225144 0.239648 0.269408 0.268783 0.198026 0.225218 0.16182 
0.404788 0.645266 0.651022 0.610251 0.624954 0.619348 0.611006 0.662051 0.637409 0.622036 0.628264 0.349055 0.411405 0.354034 0.414887 0.371266 0.406305 0.448974 0.358127 0.349699 0.29518 0.279001 0.21605 0.263704 0.245183 0.269078 0.304999 0.217154 0.199759 0.162352 
0.4022 0.636883 0.642056 0.585204 0.606689 0.604775 0.603929 0.650484 0.574515 0.626078 0.615591 0.391128 0.430172 0.361838 0.4325 0.444896 0.410503 0.42599 0.383628 0.380215 0.306564 0.278345 0.247987 0.221753 0.252445 0.268743 0.184831 0.189647 0.251371 0.163627 
0.399132 0.637275 0.654471 0.66027 0.581862 0.613504 0.613184 0.669165 0.640633 0.616219 0.633682 0.392481 0.40576 0.359122 0.443796 0.400291 0.397609 0.505753 0.349525 0.448177 0.285857 0.281975 0.245275 0.227806 0.239706 0.268971 0.257396 0.211857 0.242291 0.165326 
0.396236 0.636146 0.654489 0.660448 0.582174 0.613506 0.615012 0.669194 0.640574 0.615742 0.633783 0.393223 0.405509 0.359278 0.42554 0.400203 0.396707 0.507349 0.356445 0.449768 0.28775 0.282296 0.246077 0.228585 0.240092 0.268959 0.261293 0.205612 0.242248 0.167475 
0.393471 0.641862 0.651355 0.583356 0.574741 0.603534 0.605936 0.649118 0.575943 0.626391 0.614312 0.39952 0.397802 0.362282 0.416089 0.428433 0.418411 0.422457 0.417489 0.372126 0.304147 0.258612 0.248205 0.22172 0.250845 0.268029 0.186818 0.190035 0.244185 0.164161 
0.39109 0.64077 0.617781 0.707857 0.621265 0.623779 0.598374 0.561995 0.632859 0.55719 0.661299 0.354741 0.403816 0.35657 0.42678 0.447854 0.422168 0.401321 0.329113 0.401186 0.226518 0.262043 0.228815 0.250631 0.253926 0.275863 0.159654 0.248696 0.210289 0.112686 
0.388347 0.641068 0.632678 0.694973 0.627981 0.623087 0.598932 0.570765 0.629576 0.619446 0.666559 0.385351 0.404931 0.355096 0.425248 0.471851 0.422779 0.360702 0.348541 0.377446 0.234925 0.262271 0.228912 0.239033 0.252772 0.276143 0.129061 0.259202 0.236796 0.116926 
0.385336 0.64079 0.637931 0.693083 0.624519 0.624123 0.599102 0.606336 0.629176 0.619315 0.655188 0.377337 0.404817 0.35268 0.423467 0.471964 0.42536 0.350997 0.351195 0.402681 0.191182 0.259399 0.228921 0.240611 0.268332 0.278603 0.10918 0.261333 0.23489 0.117494 
0.381516 0.636667 0.638802 0.679143 0.637939 0.629496 0.579094 0.57532 0.621781 0.633697 0.611598 0.359704 0.377709 0.358995 0.396262 0.428733 0.421677 0.344551 0.355887 0.310578 0.213138 0.258864 0.176131 0.218405 0.262688 0.263923 0.243995 0.198541 0.216467 0.181435 
0.379421 0.613071 0.629726 0.650159 0.654972 0.618581 0.586568 0.590993 0.56169 0.636344 0.626014 0.344117 0.376822 0.363487 0.395351 0.427619 0.418017 0.367168 0.338501 0.375308 0.236525 0.270111 0.214558 0.238182 0.235093 0.27389 0.151957 0.201897 0.233062 0.192595 
0.377264 0.618042 0.62753 0.683076 0.664089 0.608209 0.585994 0.579938 0.519563 0.637635 0.62145 0.342757 0.369571 0.345807 0.423311 0.426054 0.401389 0.413395 0.343053 0.338591 0.232017 0.26586 0.215938 0.233429 0.236764 0.258066 0.15195 0.182175 0.232805 0.203771 
0.373748 0.630227 0.634882 0.709499 0.614982 0.62402 0.576272 0.581924 0.622911 0.639309 0.63863 0.353302 0.441598 0.363245 0.37933 0.428128 0.401756 0.350013 0.349989 0.34479 0.222463 0.25675 0.177155 0.222359 0.258897 0.260051 0.194416 0.23093 0.232436 0.180175 
0.371778 0.605527 0.62369 0.622597 0.657733 0.574257 0.596081 0.557541 0.659344 0.601953 0.617755 0.344639 0.39144 0.403864 0.311838 0.39077 0.331813 0.344987 0.325014 0.462921 0.229709 0.210956 0.271055 0.216525 0.272726 0.233212 0.153626 0.247834 0.299762 0.157681 
0.368068 0.596626 0.623113 0.633414 0.675005 0.622783 0.580634 0.590695 0.561419 0.672423 0.653244 0.348264 0.373029 0.363467 0.457158 0.408739 0.413433 0.362294 0.339368 0.383102 0.239066 0.264952 0.213405 0.295145 0.229891 0.256023 0.192573 0.204317 0.242578 0.150709 
0.365624 0.595455 0.610503 0.634664 0.626416 0.541338 0.601721 0.605427 0.564037 0.676163 0.621557 0.341746 0.354693 0.361474 0.281037 0.389083 0.424472 0.35913 0.349736 0.389213 0.240664 0.258968 0.219012 0.237546 0.213454 0.242859 0.20209 0.20431 0.231128 0.184068 
0.361997 0.597316 0.607374 0.652829 0.643354 0.544212 0.593026 0.596598 0.563727 0.656227 0.624094 0.347395 0.368622 0.366681 0.293063 0.366232 0.422733 0.360494 0.3459 0.39422 0.238764 0.266881 0.196964 0.240708 0.225183 0.254356 0.198209 0.203851 0.229919 0.187712 
0.360521 0.619486 0.600425 0.575535 0.658467 0.592513 0.559051 0.551198 0.588501 0.6445 0.606092 0.340339 0.325812 0.29571 0.316389 0.40076 0.324785 0.325454 0.320071 0.436838 0.247584 0.221639 0.219121 0.215671 0.260432 0.22248 0.157191 0.262325 0.274405 0.145842 
0.357155 0.598653 0.580602 0.597997 0.636863 0.589358 0.599376 0.567888 0.602903 0.597172 0.585137 0.363078 0.352578 0.386911 0.276205 0.344451 0.398541 0.347834 0.314404 0.386357 0.171896 0.191392 0.167931 0.0985396 0.222325 0.23015 0.242219 0.186555 0.243864 0.122138 
0.354801 0.58655 0.589157 0.564599 0.566613 0.617587 0.620103 0.570838 0.56263 0.582306 0.5992 0.363876 0.334695 0.311526 0.316923 0.316032 0.347106 0.350902 0.282419 0.369799 0.248672 0.226987 0.118464 0.134944 0.269866 0.190976 0.240694 0.175639 0.213135 0.139211 
0.351523 0.602981 0.601234 0.64778 0.640708 0.556528 0.589735 0.605099 0.563093 0.624558 0.631854 0.352032 0.350659 0.368672 0.388295 0.393129 0.411406 0.363184 0.360453 0.380492 0.237026 0.264261 0.206204 0.24613 0.240477 0.261148 0.187089 0.207146 0.231874 0.183072 
0.349287 0.584932 0.583718 0.582808 0.536248 0.641388 0.624314 0.569863 0.604991 0.55429 0.632356 0.366865 0.341669 0.340307 0.312863 0.307633 0.307913 0.348317 0.307039 0.377153 0.222482 0.20601 0.174723 0.0941119 0.270559 0.223132 0.242653 0.171217 0.214686 0.12526 
0.346173 0.604718 0.589 0.589608 0.604549 0.589272 0.615934 0.561027 0.533698 0.542945 0.582291 0.36361 0.359706 0.316773 0.27045 0.339526 0.323297 0.338793 0.313396 0.377164 0.192398 0.216368 0.18177 0.133155 0.228661 0.249201 0.238629 0.232839 0.212116 0.117744 
0.34353 0.605087 0.58899 0.599954 0.608676 0.587799 0.615377 0.560757 0.540491 0.552433 0.580059 0.363444 0.358203 0.316877 0.235493 0.340276 0.320615 0.338967 0.314298 0.376514 0.171142 0.21162 0.175406 0.132905 0.230754 0.265692 0.239388 0.193884 0.212085 0.111503 
0.340881 0.599861 0.5868 0.598552 0.611454 0.587747 0.622954 0.563805 0.531803 0.555099 0.612583 0.365886 0.363061 0.309428 0.243802 0.34006 0.308092 0.346101 0.314918 0.35919 0.166479 0.191581 0.153652 0.105887 0.229602 0.219434 0.219381 0.194172 0.224934 0.107856 
0.338269 0.591122 0.600392 0.599565 0.61787 0.589666 0.629352 0.573428 0.536381 0.55013 0.556567 0.365672 0.35767 0.310366 0.248372 0.340851 0.309118 0.341134 0.310258 0.344914 0.158452 0.18918 0.126012 0.106646 0.246249 0.212245 0.213075 0.193106 0.199741 0.126307 
0.33556 0.594077 0.577484 0.609596 0.58306 0.582729 0.590057 0.561869 0.540755 0.545629 0.573881 0.37591 0.363898 0.31914 0.235587 0.335125 0.321657 0.396441 0.309806 0.353067 0.174855 0.21209 0.162859 0.131693 0.2266 0.272457 0.239406 0.193818 0.207866 0.132248 
0.332948 0.587265 0.583404 0.554822 0.540737 0.612303 0.533207 0.54573 0.553601 0.541469 0.551879 0.349684 0.362136 0.359079 0.268755 0.313606 0.345495 0.32183 0.322442 0.392194 0.166747 0.222909 0.178098 0.109382 0.234319 0.137022 0.26778 0.187397 0.217598 0.0886204 
0.330195 0.582226 0.569292 0.600497 0.572936 0.581802 0.599087 0.581295 0.530339 0.58269 0.615378 0.36883 0.349303 0.364545 0.258929 0.330739 0.347324 0.379458 0.32442 0.342028 0.179363 0.200704 0.17204 0.151637 0.217195 0.23499 0.221605 0.193342 0.205208 0.205535 
0.32747 0.592222 0.562493 0.615971 0.595107 0.581242 0.591232 0.576405 0.56382 0.578234 0.580578 0.365166 0.341951 0.347402 0.259503 0.33162 0.33403 0.368885 0.329454 0.336123 0.179046 0.200028 0.167841 0.14695 0.218839 0.2957 0.262506 0.193676 0.211539 0.164981 
0.325324 0.578295 0.576613 0.576943 0.531479 0.596091 0.584652 0.509472 0.493576 0.593925 0.547779 0.36222 0.358403 0.2804 0.252472 0.32186 0.331638 0.341089 0.356576 0.387821 0.141445 0.223208 0.186843 0.104859 0.233684 0.21398 0.257001 0.171791 0.148213 0.113936 
0.321527 0.56626 0.548879 0.556033 0.53955 0.569788 0.550194 0.599718 0.496762 0.527911 0.52554 0.376252 0.323994 0.276621 0.259398 0.333172 0.288118 0.348209 0.311792 0.295477 0.172426 0.201826 0.187419 0.107845 0.206207 0.169968 0.168705 0.180921 0.175776 0.0359476 
0.319252 0.568759 0.545383 0.555664 0.539946 0.571194 0.558128 0.611003 0.487551 0.523391 0.505116 0.372021 0.303606 0.28528 0.253345 0.327514 0.275603 0.345379 0.31102 0.294338 0.176429 0.203731 0.191772 0.107808 0.203727 0.170636 0.187597 0.180145 0.185545 0.0311884 
0.316421 0.571403 0.542484 0.582371 0.537978 0.578732 0.561982 0.59664 0.498919 0.520072 0.509944 0.39648 0.301057 0.286974 0.262903 0.338151 0.278989 0.341597 0.349735 0.31179 0.181458 0.186574 0.195005 0.106067 0.197848 0.21292 0.190015 0.177746 0.181488 0.0196018 
0.314735 0.555175 0.563958 0.562681 0.535232 0.578165 0.526229 0.595765 0.511839 0.529555 0.508014 0.331779 0.309477 0.283079 0.233267 0.368359 0.287107 0.314992 0.240585 0.284036 0.223538 0.176667 0.237537 0.09064 0.204945 0.215554 0.21507 0.18234 0.19742 0.00388882 
0.312151 0.560889 0.560093 0.593227 0.535504 0.583499 0.55354 0.617066 0.511216 0.513324 0.509577 0.37274 0.25899 0.276461 0.236815 0.331449 0.273752 0.350958 0.316718 0.290348 0.18405 0.230257 0.208255 0.107845 0.207155 0.156759 0.172764 0.182933 0.171872 0 
0.308731 0.567071 0.546442 0.564171 0.541689 0.571056 0.561892 0.615555 0.482451 0.514401 0.508351 0.371893 0.30436 0.286299 0.260155 0.327504 0.280133 0.347212 0.311094 0.300038 0.184059 0.202232 0.21203 0.109166 0.198047 0.191219 0.184211 0.179739 0.175609 0.0223454 
0.306263 0.56599 0.548066 0.558407 0.540216 0.571607 0.561154 0.622965 0.477371 0.513937 0.521677 0.371175 0.30548 0.286133 0.26341 0.337368 0.283253 0.346804 0.310853 0.299689 0.187071 0.203629 0.239243 0.109059 0.195694 0.238999 0.166132 0.179996 0.178344 0.0215772 
0.302897 0.54271 0.538618 0.553443 0.51224 0.533027 0.525465 0.561558 0.526267 0.519212 0.534534 0.304761 0.299876 0.301707 0.242626 0.324961 0.311382 0.276762 0.291355 0.292565 0.095645 0.189082 0.146781 0.161874 0.156122 0.13467 0.220574 0.171638 0.141456 0.0370082 
0.300278 0.54499 0.529929 0.542567 0.519177 0.530652 0.526515 0.563483 0.547849 0.517452 0.531497 0.3062 0.298187 0.298136 0.243818 0.325444 0.32177 0.268267 0.291206 0.29398 0.109088 0.187042 0.141789 0.161369 0.154697 0.123875 0.21832 0.189608 0.129687 0.0346243 
0.298082 0.539203 0.534516 0.534331 0.533509 0.536974 0.530984 0.573313 0.5356 0.505811 0.535466 0.259751 0.300372 0.288954 0.248463 0.323228 0.30183 0.258582 0.343351 0.279212 0.227531 0.17253 0.158842 0.100483 0.16879 0.129379 0.198237 0.205541 0.104552 0.0503264 
0.295895 0.545297 0.534445 0.526006 0.516194 0.527819 0.525707 0.562011 0.526196 0.517658 0.533233 0.306255 0.298039 0.301489 0.242978 0.325199 0.3152 0.27348 0.294581 0.293088 0.111492 0.203963 0.139486 0.162273 0.156091 0.129069 0.215623 0.184927 0.140407 0.0357993 
0.292496 0.523477 0.537523 0.540504 0.530078 0.557262 0.531574 0.557297 0.53713 0.498 0.53869 0.311164 0.288974 0.278479 0.234893 0.327844 0.305157 0.311535 0.318779 0.27739 0.140726 0.152214 0.111864 0.112238 0.167315 0.0963702 0.147582 0.188574 0.131503 0.0406886 
0.290315 0.528963 0.540789 0.528404 0.531279 0.574342 0.531956 0.562299 0.532928 0.498699 0.539826 0.301324 0.288251 0.280143 0.238127 0.327578 0.300821 0.296022 0.320545 0.276934 0.159397 0.149649 0.125955 0.113141 0.167889 0.107352 0.095282 0.193183 0.134588 0.0406796 
0.287666 0.524369 0.53273 0.539212 0.527778 0.568102 0.534217 0.565518 0.535637 0.500162 0.537696 0.307603 0.288294 0.280892 0.234955 0.327208 0.299937 0.306374 0.323243 0.27868 0.131822 0.152305 0.138983 0.0898502 0.168506 0.096151 0.166758 0.185023 0.13402 0.0355331 
0.285102 0.528654 0.524728 0.509857 0.512338 0.574672 0.534765 0.550113 0.559942 0.497577 0.549881 0.303965 0.289057 0.291188 0.234046 0.317051 0.322227 0.324193 0.296755 0.282129 0.0861528 0.152988 0.194528 0.136971 0.157262 0.12964 0.117026 0.151345 0.162265 0.0336189 
0.282504 0.528357 0.524727 0.509598 0.51169 0.574816 0.534958 0.550212 0.56008 0.48938 0.549896 0.299325 0.288973 0.290557 0.233953 0.317654 0.320464 0.322851 0.293797 0.283585 0.0849288 0.153009 0.131918 0.149633 0.156495 0.127749 0.11696 0.15061 0.138507 0.0348082 
0.279868 0.521606 0.525439 0.512374 0.507788 0.568573 0.534793 0.548611 0.527787 0.475082 0.548675 0.309459 0.289946 0.300239 0.237878 0.32073 0.298396 0.320866 0.28319 0.285233 0.116298 0.153101 0.167584 0.172834 0.17803 0.142545 0.119973 0.140297 0.119499 0.0292127 
0.277142 0.521541 0.524696 0.514111 0.507575 0.568567 0.529936 0.549483 0.529465 0.475146 0.54981 0.310778 0.289448 0.299817 0.237742 0.321743 0.299976 0.320618 0.283405 0.288233 0.115866 0.152677 0.158379 0.172196 0.170732 0.114358 0.121049 0.140911 0.119116 0.0272784 
0.274888 0.515588 0.524706 0.512287 0.503881 0.569205 0.522129 0.550994 0.528851 0.474568 0.550831 0.309053 0.287113 0.300088 0.251044 0.324692 0.300877 0.31785 0.283557 0.289883 0.136439 0.15099 0.1626 0.164975 0.164031 0.0962257 0.120682 0.140813 0.115241 0.0386382 
0.27216 0.522319 0.531641 0.522382 0.51253 0.568052 0.506806 0.51685 0.524241 0.47044 0.545268 0.324532 0.290773 0.301533 0.247677 0.335236 0.310146 0.31844 0.285363 0.289961 0.141646 0.147029 0.138313 0.174747 0.158924 0.0844791 0.137311 0.123227 0.12723 0.0441511 
0.270083 0.524976 0.522424 0.509175 0.523765 0.571525 0.468697 0.537763 0.530466 0.469153 0.548019 0.298701 0.29474 0.297317 0.218412 0.314862 0.296845 0.300276 0.285162 0.290157 0.0667847 0.151517 0.156668 0.197825 0.154951 0.082915 0.110757 0.140009 0.123988 0.0424811 
0.267438 0.517624 0.519266 0.498251 0.519598 0.572222 0.538948 0.555027 0.524216 0.492754 0.546517 0.347418 0.287562 0.304284 0.266194 0.301432 0.295157 0.294302 0.300926 0.28913 0.0763754 0.152989 0.18588 0.148509 0.171878 0.0722021 0.124081 0.1346 0.110407 0.0701177 
0.26486 0.521032 0.521701 0.513023 0.508514 0.574635 0.518938 0.529447 0.52866 0.471599 0.57005 0.301504 0.288077 0.290551 0.247487 0.319702 0.300685 0.300172 0.275955 0.292049 0.0800221 0.150136 0.139172 0.182443 0.106447 0.0925094 0.113513 0.143652 0.116117 0.00253405 
0.262034 0.493829 0.510008 0.511588 0.459467 0.54791 0.49345 0.483517 0.517136 0.547721 0.524421 0.279932 0.235571 0.345269 0.315723 0.265262 0.234713 0.286394 0.249809 0.255399 0.141399 0.163425 0.0697337 0.118576 0.146734 0.126293 0.186185 0.130844 0.0823412 0.114886 
0.259668 0.502665 0.511827 0.525881 0.457494 0.547493 0.494001 0.470701 0.50909 0.525156 0.536524 0.285628 0.24636 0.300168 0.342733 0.277006 0.219646 0.231225 0.260115 0.260992 0.135542 0.159965 0.0511807 0.138874 0.175409 0.161397 0.184417 0.139621 0.0845876 0.108847 
0.257123 0.493416 0.506571 0.522624 0.454478 0.531244 0.495653 0.479457 0.516881 0.523808 0.534159 0.281872 0.237042 0.301575 0.315647 0.288903 0.234248 0.209908 0.249992 0.25709 0.140722 0.161804 0.0654119 0.129364 0.173469 0.168919 0.183595 0.137257 0.0784404 0.114733 
0.254357 0.489619 0.507184 0.533318 0.480777 0.553728 0.492279 0.48188 0.514529 0.524796 0.544064 0.270858 0.243575 0.274419 0.310841 0.284236 0.241628 0.205964 0.248155 0.257562 0.148662 0.11683 0.0628158 0.126339 0.12843 0.159447 0.182581 0.123897 0.0837517 0.0921905 
0.252188 0.493219 0.49522 0.517521 0.454468 0.562791 0.484757 0.483118 0.507602 0.51271 0.536192 0.27298 0.250435 0.319764 0.247969 0.300222 0.237974 0.217166 0.251068 0.264179 0.144288 0.0654206 0.0622978 0.123864 0.0999275 0.155214 0.140623 0.1276 0.0748244 0.113659 
0.250128 0.494326 0.497983 0.530971 0.485892 0.550061 0.495176 0.476719 0.508494 0.524496 0.543295 0.266719 0.237315 0.275191 0.270524 0.252636 0.233122 0.169473 0.251037 0.255631 0.14979 0.0896266 0 0.113456 0.120497 0.155806 0.184238 0.123296 0.0777831 0.0991141 
0.247344 0.498777 0.476906 0.473355 0.474417 0.500559 0.487343 0.489939 0.523782 0.484857 0.57716 0.229977 0.248228 0.212485 0.305764 0.265831 0.257651 0.189033 0.251923 0.284093 0.0765629 0.112592 0.0817402 0.0793912 0.208662 0.0321344 0.174634 0.0911027 0.0732239 0.1375 
0.244999 0.503443 0.50129 0.52228 0.480272 0.547014 0.467906 0.498592 0.526123 0.479597 0.494998 0.301285 0.259201 0.297601 0.337338 0.34334 0.253724 0.206869 0.265091 0.267861 0.166363 0.0843804 0.0635271 0.0882142 0.169338 0.160996 0.15267 0.138996 0.0708915 0.135439 
0.241986 0.477595 0.471437 0.484288 0.485066 0.423279 0.496907 0.492743 0.495481 0.477648 0.456821 0.283451 0.234004 0.259012 0.284684 0.250917 0.175874 0.201452 0.263613 0.246943 0.0799278 0.139117 0.0612501 0.193504 0.0535233 0.0655451 0.133024 0.0536065 0.109551 0.118918 
0.239951 0.484895 0.478042 0.535598 0.505173 0.514609 0.499524 0.498373 0.500908 0.47687 0.478457 0.258792 0.231797 0.293699 0.325734 0.236459 0.226768 0.178244 0.271275 0.275529 0.0799229 0.0507564 0.0665291 0.198643 0.101621 0.0696345 0.184846 0.0603638 0.069242 0.10502 
0.237426 0.484964 0.477991 0.535038 0.4974 0.507547 0.498833 0.49292 0.490827 0.480557 0.474077 0.253909 0.25147 0.303494 0.32836 0.228987 0.199067 0.186663 0.261472 0.273669 0.0808206 0.049211 0.0650975 0.176728 0.119769 0.0786825 0.189873 0.0589429 0.0687838 0.0917447 
0.235116 0.480161 0.47971 0.486298 0.4821 0.501293 0.470359 0.502734 0.504574 0.467998 0.450637 0.292329 0.237403 0.242099 0.334544 0.224611 0.142571 0.175325 0.245882 0.276936 0.0925684 0.149038 0.0493865 0.196327 0.0847219 0.0637038 0.170386 0.0735217 0.130758 0.113579 
0.232573 0.477724 0.478355 0.485913 0.485992 0.417012 0.468116 0.498325 0.497048 0.477613 0.458757 0.290676 0.23329 0.24524 0.284914 0.234482 0.166814 0.198702 0.254842 0.256186 0.0860794 0.158293 0.053785 0.197051 0.0546915 0.0645914 0.148102 0.049066 0.113049 0.131889 
0.229549 0.484231 0.483478 0.45152 0.472469 0.490102 0.496353 0.498117 0.49184 0.47312 0.492757 0.2525 0.23501 0.216119 0.318736 0.210186 0.199954 0.159941 0.26015 0.291832 0.0850765 0.0540599 0.063757 0.0709497 0.107653 0.0760414 0.195367 0.0432761 0.0292907 0.0575114 
0.226798 0.458206 0.454881 0.497904 0.478684 0.500815 0.448344 0.499144 0.507489 0.461861 0.447173 0.252035 0.210424 0.23917 0.210095 0.306422 0.193537 0.165577 0.239065 0.23446 0.0826009 0.0832987 0.0318798 0.0551388 0.0939747 0.099623 0.0893778 0.116621 0.108926 0.0848565 
0.22418 0.469817 0.456651 0.492273 0.480588 0.49796 0.449964 0.494925 0.508115 0.462267 0.432393 0.214956 0.210603 0.251526 0.219848 0.268784 0.191143 0.14724 0.225281 0.22792 0.0838132 0.0829449 0.0321026 0.0619905 0.109784 0.0989096 0.089927 0.118075 0.10242 0.085229 
0.221805 0.483506 0.484916 0.475133 0.483653 0.483714 0.497313 0.493219 0.498333 0.470808 0.463099 0.269133 0.275613 0.223701 0.274668 0.164533 0.204809 0.184969 0.248895 0.302809 0.0728314 0.0568582 0.0730632 0.099089 0.10707 0.0606379 0.162997 0.0663316 0.0279911 0.0432758 
0.219613 0.466526 0.449604 0.4576 0.457816 0.450263 0.419758 0.436772 0.482695 0.470542 0.397001 0.158435 0.210398 0.219187 0.187288 0.19872 0.179828 0.118114 0.230186 0.215367 0.0246741 0.0668094 0.021178 0.0477423 0.0618374 0.110646 0.0978885 0.106363 0.152457 0.0712384 
0.217053 0.458008 0.4771 0.470814 0.458579 0.465407 0.429555 0.472382 0.502747 0.464351 0.437662 0.206421 0.200806 0.245667 0.198016 0.231838 0.179465 0.120589 0.229182 0.210664 0.13291 0.0712416 0.0241444 0.0933866 0.0765896 0.102667 0.0810527 0.124141 0.107533 0.0781948 
0.214363 0.465104 0.446312 0.475881 0.465329 0.48452 0.399989 0.471308 0.505251 0.473873 0.413247 0.174912 0.209791 0.21936 0.197919 0.247453 0.186516 0.104844 0.228553 0.201233 0.0809503 0.0722775 0.0219544 0.0796817 0.0883519 0.108918 0.0919774 0.119049 0.119394 0.0555642 
0.211836 0.464258 0.44617 0.477268 0.467122 0.480423 0.408095 0.475484 0.507363 0.473851 0.434859 0.174594 0.209594 0.220026 0.192118 0.246945 0.186241 0.102446 0.228676 0.203238 0.101061 0.0724159 0.0231991 0.0798978 0.0877835 0.109403 0.0931809 0.118801 0.126246 0 
0.209726 0.465154 0.449666 0.445513 0.461355 0.441041 0.421021 0.435372 0.487558 0.473781 0.376714 0.155048 0.209339 0.219875 0.183396 0.196397 0.187391 0.120206 0.226502 0.207054 0.033647 0.0709127 0.0194191 0.0794206 0.0681034 0.108688 0.0973271 0.0958686 0.140359 0.0683191 
0.207386 0.4591 0.449662 0.444058 0.462987 0.430417 0.447502 0.436287 0.486042 0.473808 0.380158 0.154731 0.208844 0.211543 0.18452 0.194429 0.18736 0.119414 0.227175 0.209189 0.0340158 0.0781552 0.0191781 0.0786524 0.0670749 0.10814 0.0848206 0.0956992 0.143002 0.0719041 
0.204948 0.446167 0.446603 0.442033 0.462533 0.429408 0.428747 0.434236 0.477771 0.458581 0.389934 0.150993 0.209431 0.211843 0.178643 0.192944 0.187643 0.128932 0.269214 0.209671 0.0353647 0.0761414 0.0287629 0.030932 0.0773782 0.118139 0.0845614 0.0972788 0.131363 0.0821051 
0.202564 0.448194 0.446499 0.447744 0.501386 0.436444 0.461731 0.433767 0.480073 0.485504 0.382085 0.139339 0.214164 0.208538 0.165547 0.186871 0.186706 0.143775 0.230185 0.222195 0.0363475 0.0826324 0.0231785 0.0816172 0.0634923 0.106591 0.0850697 0.0963815 0.191002 0.0684042 
0.199897 0.461434 0.449657 0.450822 0.464465 0.405945 0.477546 0.436117 0.486121 0.366079 0.38167 0.154808 0.208427 0.210822 0.183145 0.194442 0.185787 0.119751 0.226212 0.208811 0.0340481 0.0772167 0.0194404 0.0752245 0.07015 0.109481 0.0872223 0.0956556 0.143626 0.0717332 
0.197165 0.458794 0.451427 0.425127 0.470738 0.426714 0.448496 0.432835 0.486691 0.476439 0.381772 0.151485 0.210318 0.210544 0.178534 0.191491 0.187849 0.122629 0.228037 0.196567 0.0422625 0.0796374 0.019034 0.0200804 0.0702092 0.107904 0.0865345 0.0880807 0.138572 0.0696638 
0.194804 0.462383 0.449697 0.420331 0.474216 0.418606 0.492633 0.427459 0.486717 0.473059 0.400774 0.153128 0.201584 0.214431 0.17649 0.19202 0.184326 0.131648 0.227889 0.195677 0.0243814 0.081847 0.0262847 0 0.061361 0.107004 0.0897761 0.0882639 0.138396 0.0717477 
0.192472 0.432497 0.439811 0.394451 0.427209 0.410842 0.382915 0.52717 0.437609 0.423531 0.432204 0.169488 0.18462 0.230193 0.211993 0.186772 0.158528 0.181672 0.2225 0.244839 0 0.0418289 0.0542588 0.0649866 0.0296077 0.0544119 0.0855779 0.0918163 0.0775918 0.0384462 
0.190067 0.432608 0.439027 0.394191 0.446108 0.401246 0.379011 0.453735 0.435998 0.42465 0.430437 0.165497 0.191134 0.232154 0.210833 0.18656 0.133385 0.181905 0.225602 0.197704 0.000609745 0.0443082 0.0552876 0.0563816 0.0270562 0.0688243 0.0801545 0.0960356 0.103476 0.0545741 
0.187436 0.433541 0.438743 0.398169 0.44574 0.364562 0.379155 0.443933 0.430546 0.42529 0.430756 0.166129 0.212735 0.230611 0.20532 0.187107 0.127326 0.181651 0.234039 0.198903 0.011414 0.0442791 0.0551542 0.0625705 0.0270775 0.0681663 0.0795145 0.0962901 0.101619 0.055353 
0.184906 0.43825 0.440603 0.414119 0.451176 0.412279 0.384384 0.413342 0.434795 0.434918 0.44308 0.171566 0.175988 0.2162 0.241313 0.18019 0.120296 0.199679 0.211885 0.193654 0.0071786 0.0408697 0.122476 0.0618019 0.023267 0.0964247 0.0917039 0.0992907 0.0979816 0.0678023 
0.182694 0.430053 0.427725 0.410038 0.428515 0.467732 0.384986 0.422144 0.454888 0.431344 0.425916 0.1644 0.159605 0.215588 0.152815 0.171879 0.159986 0.177242 0.136068 0.192109 0.0375303 0.0464603 0.0634957 0.144942 0.00580191 0.078351 0.0897272 0.0932353 0.0565437 0.0286086 
0.180215 0.430125 0.428156 0.410105 0.383062 0.450518 0.384996 0.424542 0.47903 0.431707 0.419359 0.157956 0.171717 0.215908 0.152922 0.17346 0.186685 0.17293 0.150188 0.158542 0.0381822 0.0033009 0.031496 0.125507 0.00667408 0.0781239 0.0894085 0.0929053 0.0648982 0.0323572 
0.177778 0.412006 0.422879 0.412841 0.430031 0.45447 0.385235 0.370697 0.437162 0.429627 0.425916 0.168489 0.178261 0.227173 0.1527 0.173889 0.144802 0.196559 0.136296 0.194001 0.0351241 0.0127796 0.0583242 0.127795 0.00152881 0.0597674 0.0869349 0.0924011 0.0299422 0.039347 
0.175226 0.424558 0.427933 0.411237 0.393955 0.448051 0.387929 0.429143 0.479288 0.429712 0.412636 0.163217 0.171626 0.214639 0.150443 0.173025 0.169062 0.167323 0.163838 0.189694 0.0409055 0 0.0367743 0.14204 0.00613954 0.0798961 0.0903524 0.0944973 0.0761756 0.0355521 
0.173025 0.417691 0.425265 0.384965 0.338535 0.459956 0.374762 0.437659 0.434854 0.424808 0.410309 0.177334 0.199364 0.229922 0.138382 0.174717 0.18261 0.196742 0.192512 0.126133 0.0520911 0.0159253 0.0678658 0.107573 0.00428695 0.0567909 0.0792059 0.0787032 0.0196781 0.0506316 
0.170447 0.406781 0.427956 0.382331 0.359317 0.451959 0.377376 0.450752 0.43485 0.422459 0.386934 0.179187 0.19904 0.224738 0.141905 0.173876 0.185474 0.196601 0.19436 0.146386 0.0728027 0.00229366 0.0511385 0.101721 0.00196867 0.0605716 0.0836257 0.0811356 0 0.0496425 
0.167978 0.407496 0.428177 0.378964 0.452335 0.451959 0.37722 0.470348 0.434954 0.420032 0.410651 0.179196 0.142441 0.225274 0.139549 0.174408 0.185965 0.196165 0.196218 0.134299 0.0721839 0.00219044 0.0420063 0.102903 0 0.0576802 0.0850338 0.0814792 0 0.0829386 
0.165726 0.411487 0.410459 0.367441 0.470015 0.450477 0.350501 0.438163 0.421974 0.421783 0.42797 0.164869 0.144181 0.22533 0.127694 0.174247 0.185929 0.162584 0.194569 0.134093 0.00313263 0.00326547 0.0809608 0.104333 0 0.0813213 0.0805997 0.083882 0 0 
0.16289 0.407023 0.427785 0.378004 0.40432 0.451863 0.378887 0.477088 0.435366 0.420383 0.410693 0.180641 0.144042 0.226168 0.134648 0.174181 0.187739 0.196221 0.187689 0.141654 0.0564057 0.00195361 0.0412904 0.102541 0 0.0566152 0.0823885 0.0857436 0 0 
0.161156 0.396272 0.404199 0.461808 0.447591 0.356647 0.358397 0.370421 0.436975 0.438407 0.352914 0.178142 0.200032 0.225101 0.189079 0.205168 0.144838 0.157046 0.242224 0.168754 0.014062 4.66543e-007 0.0334014 0.120074 0.0049862 0.0827451 0.14175 0.0547235 0.0391586 0.0101541 
0.158516 0.395404 0.399957 0.45994 0.445024 0.378369 0.372606 0.363372 0.442397 0.482 0.426142 0.105668 0.192636 0.223489 0.209544 0.218702 0.152087 0.178929 0.226461 0.181606 0.000800354 0.00118983 0.0396583 0.0878672 0.00681113 0.0832548 0.101657 0.0594246 0.0391147 0.0309798 
0.15609 0.39543 0.400114 0.443344 0.439927 0.379602 0.373175 0.366151 0.42353 0.483908 0.426982 0.115392 0.204695 0.233339 0.219926 0.210783 0.228216 0.173136 0.224794 0.156388 0.00293742 0.00140715 0.0339344 0.0804194 0.00506641 0.0885957 0.0876549 0.0433357 0.0393691 0.0261866 
0.153351 0.383804 0.395087 0.405526 0.336336 0.377634 0.33189 0.389374 0.415374 0.391189 0.431942 0.152453 0.154905 0.164816 0.168256 0.147459 0.125264 0.0685542 0.207374 0.11636 0.0346682 0.00423376 0 0.0569886 0.00144322 0.0820075 0.0336509 0.0443505 0.0425495 0.0584773 
0.151128 0.386493 0.378381 0.407434 0.33806 0.385579 0.319512 0.376361 0.384115 0.393233 0.428038 0.140419 0.110296 0.173101 0.181472 0.14691 0.111858 0.0702536 0.168832 0.156476 0.0388933 0 0.00813767 0.0688928 0.000123916 0.030423 0.0307059 0 0.0438663 0.0683191 
0.148727 0.393509 0.37834 0.40857 0.340145 0.388189 0.326217 0.370975 0.385819 0.394141 0.425691 0.138835 0.183714 0.178791 0.175567 0.185299 0.0705889 0.0772043 0.17106 0.0975325 0.0419908 7.6344e-006 0.00591572 0.0676285 0 0.046193 0.0411363 0.0164644 0.0438385 0.0703262 
0.146275 0.391108 0.377544 0.418558 0.348029 0.396747 0.289677 0.368351 0.378999 0.391752 0.445286 0.14599 0.115733 0.171971 0.171631 0.147781 0.130922 0.110594 0.157485 0.1014 0.0279558 2.49349e-006 0.000140882 0.0819439 0 0.0213862 0.00168353 0.0472651 0.0433329 0.0697117 
0.143833 0.389311 0.382896 0.418965 0.348291 0.390089 0.291928 0.370479 0.372391 0.392078 0.445511 0.146309 0.0913027 0.170766 0.170933 0.147932 0.130753 0.110446 0.161117 0.106538 0.0264576 0.000537762 0.000160484 0.0760924 0 0.00213364 0 0.0468647 0.0435869 0.00473145 
0.141175 0.364268 0.376276 0.390601 0.300018 0.358554 0.327789 0.354142 0.359936 0.426406 0.392148 0.146257 0.168926 0.151387 0.123092 0.116626 0.113654 0.101334 0.123122 0.224037 0.0232181 0.0187964 0.00522991 0.0109831 0 0.0312486 0.0527246 0.0309266 0.0461974 0.0436919 
0.138891 0.374842 0.367828 0.364109 0.299534 0.345654 0.319615 0.35982 0.356934 0.422208 0.424203 0.142019 0.0880868 0.11127 0.125155 0.12851 0.141428 0.0791384 0.137372 0.180423 0.0270095 0.0335677 0.00190232 0.0289597 0.00261401 0 0.0341736 0.0467108 0.00731214 0.0364689 
0.136419 0.374232 0.368158 0.362519 0.299272 0.346782 0.319782 0.365971 0.327306 0.417328 0.423683 0.141838 0.121829 0.112676 0.125478 0.128996 0.139709 0.0779056 0.136156 0.180671 0.0269042 0.0339921 0.000814739 0.0301069 0.00359635 0.00680023 0.0336325 0.0451829 0.0347911 0.032641 
0.134116 0.371741 0.369892 0.350576 0.299309 0.348658 0.32048 0.363862 0.328561 0.413714 0.426074 0.142096 0.116987 0.113487 0.125879 0.125941 0.138819 0.029527 0.133173 0.192609 0.0324631 0.0370334 0.00143348 0.0261369 0.00572211 0.0105553 0.0338254 0.051623 0.0328042 0.0327526 
0.131521 0.368984 0.369773 0.392737 0.307772 0.367984 0.327407 0.36166 0.310961 0.444458 0.417775 0.134038 0.136198 0.107224 0.12325 0.126809 0.135447 0.0931317 0.154641 0.181167 0.0312482 0.0229834 0.00418537 0.0139151 0.00229502 0.0574256 0.0194241 0.0388858 0.0373008 0 
0.128875 0.346016 0.37461 0.362847 0.351079 0.349213 0.32105 0.311101 0.355676 0.390491 0.373045 0.136592 0.123051 0.112694 0.189643 0.126423 0.123359 0.0903425 0.121939 0.146933 0 0.0312925 0.0726419 0.0114705 0.00596128 0.0129645 0.0409541 0.0707574 0.0361026 0.0168376 
0.126507 0.369469 0.355983 0.365217 0.351583 0.348687 0.330698 0.274462 0.349483 0.390744 0.410988 0.132916 0.132924 0.120775 0.113069 0.131527 0.139423 0.10554 0.121359 0.147051 0.0576849 0.018111 0.0977194 0.00714156 0.00584301 0.012045 0.0325094 0.0967987 0.0395499 0 
0.123924 0.354927 0.336018 0.360481 0.352437 0.343198 0.317393 0.303073 0.344551 0.381214 0.41416 0.119991 0.131481 0.114149 0.118755 0.121479 0.144166 0.0900018 0.122053 0.166338 0.0320518 0.020837 0.054258 0.00298649 0.00612838 0.0125609 0.0377314 0.101011 0.0384149 0.00923858 
0.121723 0.350538 0.345154 0.325704 0.296511 0.370863 0.319632 0.317336 0.292964 0.334564 0.403531 0.110196 0.100777 0.174478 0.119568 0.120097 0.131152 0.109497 0.118717 0.158965 0.0111393 0.00341166 0.000376659 0.0320308 0.000602213 0.0118252 0 0.0231721 0.0290024 0.0606768 
0.119324 0.353691 0.339853 0.329799 0.306018 0.354051 0.362614 0.318616 0.301622 0.328721 0.410825 0.0903149 0.119251 0.186738 0.115314 0.107158 0.107934 0.110264 0.118544 0.158756 0.00756663 0.00353023 0.000493135 0.0333526 0.0170447 0.0138416 0.00220306 0.0226522 0.0298664 0.0558415 
0.116723 0.348669 0.325144 0.336418 0.282088 0.386856 0.331931 0.321365 0.262032 0.332321 0.391753 0.101911 0.10823 0.0984385 0.117863 0.111559 0.109231 0.117238 0.130945 0.135864 0.0239621 0.00704367 0 0.035819 0.000914431 0.0122091 0.00137694 0.0380577 0.0185061 0 
0.114462 0.346338 0.335958 0.330001 0.30695 0.35607 0.323173 0.317978 0.313094 0.332437 0.390561 0.10559 0.121643 0.20393 0.117348 0.107255 0.101886 0.0814862 0.118408 0.150143 0.00836125 0.0031634 0.000557214 0.0583953 0.0158892 0.0138422 0.0089482 0.0205858 0.0308362 0.0626839 
0.111811 0.324073 0.325704 0.338236 0.341434 0.351967 0.307983 0.357253 0.338985 0.363724 0.321227 0.077663 0.146919 0.0943306 0.095845 0.0608596 0.0191399 0.128915 0.139848 0.149537 0.0723355 0.00414181 0.0202042 0.0252829 0.00191357 0.0352133 0.0107967 0.0068333 0.02713 0.044351 
0.109581 0.324322 0.325952 0.338208 0.355968 0.353123 0.31099 0.35925 0.355697 0.367474 0.32426 0.0728471 0.145412 0.0915802 0.0965597 0.065772 0.0513709 0.125389 0.139856 0.149515 0.00977991 0.00431148 0.0218162 0.0238495 0.0018991 0.0332543 0.00833803 0.00731036 0.0271019 0.0383986 
0.107158 0.323584 0.327417 0.343875 0.364979 0.349187 0.294626 0.366457 0.394119 0.34395 0.282931 0.0853945 0.138086 0.0880272 0.0904982 0.12928 0.0776784 0.13759 0.139725 0.14748 0.00113488 0.00382208 0.00579668 0.0282938 0.00219189 0.0299107 0.00509391 0 0.0278112 0.0603734 
0.104718 0.324592 0.327894 0.33505 0.341575 0.341955 0.322424 0.34481 0.353397 0.387677 0.296899 0.050579 0.153118 0.104399 0.103847 0.043184 0.0713188 0.130778 0.162235 0.127318 0.0102746 0.00435847 0.0135799 0.024862 0.0089932 0.0267768 0.0114291 0.00515392 0.0274643 0.00228613 
0.102283 0.324565 0.327098 0.331679 0.361691 0.344906 0.322468 0.345246 0.357151 0.387378 0.303013 0.0671148 0.15286 0.104232 0.0958519 0.0708896 0.0478223 0.126003 0.137044 0.145028 0.0104765 0.00357125 0.01358 0.0238104 0.0067449 0.0284357 0.0102275 0.005042 0.0271054 0 
0.0998939 0.315032 0.319373 0.325368 0.332997 0.330714 0.260541 0.357419 0.331994 0.303449 0.299629 0.0526869 0.0565537 0.11661 0.0970804 0.0701833 0.0235126 0.13455 0.143885 0.125168 0.00433527 0 0 0.0388963 2.42012e-005 0.0176674 0.00846652 0.0269945 0.0312662 0.00205641 
0.097308 0.311275 0.302714 0.336267 0.333127 0.298199 0.265417 0.346667 0.339893 0.33969 0.326016 0.0616769 0.0743497 0.120781 0.106399 0.10679 0.0425498 0.134011 0.111303 0.0741737 0 0.00136584 0 0.020118 0.00766993 0.00455713 0.0137187 0.0143915 0.033952 0.0117583 
0.0949145 0.306264 0.317714 0.289961 0.314839 0.33373 0.271508 0.374662 0.326821 0.277667 0.333568 0.0535894 0.129533 0.0513211 0.110168 0.0688515 0.0674193 0.131372 0.115567 0.163196 0.00552632 0.00029389 0 0.0156846 0.00213637 0.0150279 0.033138 0.00399682 0.0285328 0.00110259 
0.0924393 0.301669 0.309676 0.277434 0.296705 0.319052 0.295341 0.35113 0.349076 0.293059 0.349229 0.0461844 0.0881956 0.0579406 0.148857 0.0649851 0.0709047 0.10688 0.111435 0.117388 0.0070638 0 0.000168331 0.00648974 0.0126791 0.0309952 0.0275262 0.00729694 0.0199841 0.000830279 
0.0895805 0.295845 0.277832 0.307827 0.245207 0.308237 0.336121 0.255184 0.282683 0.317879 0.29882 0.0972481 0.0842884 0.0573452 0.0538791 0.0947792 0.055617 0.0546436 0.100822 0.0446192 0.000427456 0.000221921 0 0.00742354 0.00213003 0 0 0.0427438 0.0460262 0.0558109 
0.0876415 0.292634 0.301821 0.295701 0.338438 0.327644 0.256322 0.320388 0.326698 0.263832 0.35771 0.0368878 0.0844113 0.0551795 0.104712 0.0508412 0.0357419 0.12011 0.120466 0.160224 0.00416309 0.00158967 0 0.0160659 0.0371744 0.0184442 0.0186194 0.0170689 0.02693 0 
0.0849152 0.297102 0.278207 0.306336 0.255425 0.298891 0.307575 0.263679 0.291261 0.354424 0.300305 0.109895 0.0380679 0.0568538 0.0503534 0.0953015 0.0441814 0.0856097 0.0959838 0.0133071 0 0.000291732 0.0091244 0.00577241 0.00228895 0 0 0.0433217 0.0387268 0.0301637 
0.0825037 0.290093 0.286131 0.297771 0.255237 0.289236 0.31693 0.263945 0.312361 0.325059 0.316276 0.0965916 0.0484552 0.0554628 0.074505 0.117151 0.0390028 0.0646252 0.0710581 0.0166988 0.000293436 0.000794289 0.0250297 0 0.00961506 0 0 0.0412042 0.0337609 0.0302564 
0.079946 0.277113 0.283318 0.314165 0.271091 0.287791 0.290718 0.275703 0.26196 0.243291 0.300463 0.0967888 0.0270517 0.0778876 0.0490008 0.0940413 0.0888095 0.101061 0.0884397 0.0312913 0.000531213 0 0.000153845 0.0102926 0 0 0.0229331 0.0310696 0.0365122 0.00295664 
0.0774719 0.274303 0.278627 0.3115 0.276513 0.273677 0.300861 0.275668 0.261072 0.265461 0.301588 0.109873 0.0275526 0.0651514 0.053811 0.105418 0.0779627 0.106287 0.0845613 0.058815 0 1.29696e-005 0.000293431 0.0127477 0.00185959 9.33576e-006 0 0.0261661 0.0434834 0.00037955 
0.0750042 0.280321 0.276927 0.312436 0.273159 0.281479 0.291216 0.275655 0.258281 0.24504 0.300807 0.126453 0.0186554 0.07651 0.0623426 0.102527 0.0786915 0.0580492 0.0852062 0.0553857 0 8.91441e-006 0.000456074 0.011797 0.00155307 0.000113023 0 0.0318414 0.0370959 0.000203809 
0.0726546 0.270461 0.27491 0.312547 0.290763 0.278591 0.29094 0.282987 0.259847 0.23698 0.330464 0.121521 0.0227681 0.0761216 0.00866038 0.105598 0.092795 0.0703469 0.0913511 0.109942 0 0.000199437 0 0.0170032 0.0075679 0.000107013 0 0.0310518 0.0349423 0.00578598 
0.0698828 0.271488 0.279133 0.307428 0.257441 0.279324 0.289829 0.275708 0.301933 0.245586 0.301039 0.112536 0 0.0818328 0.0642699 0.128931 0.0786508 0.0959103 0.0925232 0.0590171 0 0.00100443 0.000907895 0.0122925 0.00182028 0.00468684 0 0.060706 0.0376407 0 
0.0675082 0.249427 0.260006 0.305466 0.269041 0.25375 0.292849 0.278517 0.24617 0.245631 0.28581 0 0.04401 0.02232 0.117195 0.0367903 0.0300463 0.0408524 0 0.057668 0.00299713 0.00559359 0.00433743 0.00791482 0.0233345 0.0586419 0.0770837 0 0.0411056 0.0727442 
0.0648289 0.252632 0.258743 0.311086 0.270842 0.286446 0.285218 0.264153 0.275708 0.241961 0.318055 0.059574 0.0306972 0.0237567 0 0.0333959 0.0507094 0.0390835 0.0135651 0.0896107 0.00147003 0.0230066 0.00240119 0.00268433 0.0204763 0.0245662 0 0.0109203 0.0288429 0 
0.062517 0.24446 0.25247 0.308079 0.250163 0.249437 0.290841 0.263442 0.243611 0.245105 0.290516 0.0501536 0.0505867 0.0262358 0 0.0326195 0.0616287 0.0128231 0.000839093 0.0615176 0.00166031 0.00857209 0.00366971 0.00756116 0.0302022 0.0277366 0.0634799 0 0.0262876 0 
0.0599108 0.239997 0.244383 0.310915 0.240536 0.236936 0.283583 0.262633 0.243508 0.245535 0.304643 0.0549728 0.0463394 0.0358247 0.0167216 0.0384518 0.0610997 0.0219704 0 0.0629569 0.00109765 0.0140804 0.00468777 0 0.0354733 0.0381701 0.0820793 0 0.0388271 0.0270484 
0.0575445 0.238499 0.236083 0.313267 0.170577 0.246724 0.297704 0.230857 0.258574 0.214489 0.223929 0.0641512 0.0473782 0.00105708 0.123874 0.0378926 0.0179388 0.0583911 0.123107 0.0650686 0 0.00438932 0 0.0139967 0.0278217 0 0.0752132 0.00919601 0.000179626 0.0582523 
0.0546869 0.235761 0.230667 0.312111 0.16268 0.245405 0.256165 0.191493 0.244542 0.26823 0.22148 0.0684817 0.0347114 0 0.12586 0.0454719 0.0407071 0.0709694 0.118785 0 0.000946522 0.00530243 0.000865907 0.0126005 0.0235547 0.0114112 0.0883773 0.000175309 0.015008 0.0306382 
0.0520982 0.244511 0.228638 0.311762 0.162674 0.245401 0.264052 0.217453 0.244737 0.24652 0.222094 0.0697205 0.0335275 0 0.125532 0.0427357 0.0200045 0.0748921 0.119025 0 0.00100585 0.00538253 0.000927108 0.0132853 0.0219217 0.0115396 0.0871929 0 0.0163931 0.031396 
0.0496172 0.211253 0.235882 0.313922 0.169222 0.244127 0.293956 0.239723 0.251885 0.223967 0.220637 0.0648115 0.0436966 0 0.124806 0.0277512 0.000264847 0.0480998 0.129183 0 1.82339e-005 0.00384166 0.00178509 0.00946243 0.0577185 0 0.0752989 0.00519174 0.001209 0.059273 
0.0469733 0.213029 0.235762 0.313813 0.159201 0.24408 0.291689 0.238303 0.254108 0.228365 0.220699 0.0642804 0.0435207 0 0.124861 0.0269243 0.00287228 0.0462263 0.128586 0 3.40334e-006 0.00355245 0.00167293 0.00884887 0.0501885 0 0.0620332 0.00461794 0.00421133 0 
0.0445594 0.220257 0.216258 0.302344 0.187259 0.228932 0.254223 0.260056 0.264459 0.27655 0.24813 0.0530724 0.0832641 0.00112407 0.10301 0.0178589 0.0239421 0.0303821 0.175797 0.103409 8.28155e-005 0.00309988 0 0.0159131 0.0106158 0.0018916 0.148487 0.0388293 0.0130264 0.0639038 
0.0418 0.215372 0.217078 0.303851 0.187233 0.226636 0.251701 0.261734 0.266547 0.267234 0.255061 0.0565815 0.0821802 0.00100004 0.10664 0.00862181 0.0245959 0.0320878 0.170827 0.0892981 7.81752e-005 0.00370635 9.55859e-005 0.0160768 0.0112595 0 0.144872 0.0359379 0.0134418 0.0639522 
0.0380527 0.207591 0.217525 0.058378 0.245354 0.264332 0.269537 0.21455 0.0291647 0.252168 0.144345 0 0.104295 0.0178963 0.00674897 0.0100353 0 0.0161516 0 0.0827259 0.000717586 0.0149476 0.0245842 0.0156437 0 0 0.0408005 0.119545 0.0314123 0.0486707 
0.0359047 0.199375 0.22094 0.141133 0.245487 0.261454 0.265629 0.206479 0.174813 0.256904 0.119834 0.0107983 0.139078 0.0079941 0 0 0.0141985 0.00633944 0 0.0900354 0.000888537 0.0136993 0.00363265 0.0344344 0 0 0.0366299 0.131292 0.0316106 0.0484469 
0.0342277 0.189223 0.183482 0.189478 0.205757 0.300971 0.260194 0.21259 0.250463 0.280727 0.0346401 0 0.166026 0.0144388 0 0 0.0210613 0 0 0.0265915 0.0025922 0 0.00120611 0.0344243 0.00140897 0 0 0.115959 0.0417234 0 
0.0310193 0.193185 0.196734 0.15154 0.191974 0.343052 0.27952 0.285094 0.22802 0.152857 0.0802182 0 0.00515682 0.0337503 0.00656448 0.0445946 0.00328375 0.0147359 0.0516237 0.206527 1.94179e-005 0.0162529 0.0437342 0.00595689 0 0.156653 0 0.131905 0.0390106 0.0122113 
0.0280313 0.181769 0.179213 0.122897 0.296094 0.289193 0.291536 0.196868 0.202578 0.227474 0.200056 0.0326081 0.141987 0 0.0269736 0 0.0549125 0.0579571 0 0.149958 0 0.0467414 0.000421291 0.112335 0.000905424 0.00149595 0.00911719 0.170414 0 0 
0.025668 0.179814 0.17343 0.0443007 0.0586024 0.258087 0.26854 0.198696 0.161205 0.238128 0.167687 0.0194285 0.100543 0.00246978 0.0272117 0.0853771 0.0490608 0.0509125 0.0024838 0.196687 0 0.0575216 0.000757235 0.130346 0.00814942 0.00030454 0 0.171486 0 0.0418174 
0.0224199 0.14079 0.15104 0 0.248738 0.204245 0.246998 0.18801 0.163619 0.24372 0.288621 0.0104564 0.0234755 0.00111412 0.143245 0 0.0595727 0.0897138 0 0.113456 0.000788102 0.0704172 0 0.0592131 0.00332391 0 0 0.00899552 0 0.143505 
0.0202444 0.151308 0.151722 0 0.17076 0.174459 0.160698 0.17685 0.166725 0.246785 0.181258 0 0.0164286 0.00113537 0.068005 0.00905704 0.0565688 0.0775806 0.000115468 0.153698 0.000977548 0.064454 3.57483e-005 0.088245 0.052664 0.0216344 0.00972711 0.169655 0 0.134085 
0.017496 0.14106 0.152524 0 0.0680041 0.289882 0.295019 0.240681 0.165674 0.22077 0.281746 0 0 0.000971626 0.0780417 0 0.0484125 0.0610712 0 0.153335 0.00073914 0.0694127 0 0.0723555 0 0.0273016 0.0196756 0.171826 0 0.120663 
0.0142666 0.121283 0.147734 0 0.2969 0.179474 0.0103065 0 0.18266 0.105631 0 0.0781096 0.242992 0 0.0355439 0 0.0153557 0.168586 0.172088 0 0.000141166 0.122281 0.0155695 0 0.160391 0.0501545 0.0860929 0.123302 0.201516 0 
0.0119075 0.0867595 0.103404 0.11815 0.30837 0.166258 0.15104 0 0.163447 0.141172 0.0308711 0.00461505 0.18617 0 0.0943855 0 0.014242 0.205297 0.210433 0 3.45455e-005 0.0930512 0.0321744 0.000873852 0.087935 0.0626096 0.048196 0.125887 0.228864 0.13145 
0.00657684 0.0797334 0.0913203 0.12092 0 0.193379 0.108396 0.0462173 0.172054 0.0860479 0 0 0.209756 0 0.092196 0.077127 0.00271643 0.163973 0.250064 0.000523042 8.3371e-006 0.117546 0.0257029 0.00803887 0.0996432 0.0557032 0.0837659 0.109378 0.129146 0.0347065 
0.00591746 0.0745353 0.0985069 0.117677 0.30748 0.189828 0.121198 0.053972 0.171367 0.071912 0 0 0.188715 0 0.094726 0 0.0131483 0.242712 0.150832 0.00193125 3.08131e-005 0.0918574 0.0259524 0.0418276 0.0894205 0.0612024 0.0664461 0.135755 0.312955 0.0667922 
0.00130085 0.0251595 0 0.289228 0.255627 0.0137483 0.12636 0.06605 0.00286066 0.00815818 0.364409 0 0.293068 0 0 0.458657 0.0914069 0.0515909 0.143014 0.0657922 0 0 0.137843 0.0767682 0.0188612 0.125843 0 0.0286312 0.148131 0.0654936 
