1.48264  0.0589011
1.01001  0.062405
1.00396  0.066354
0.999768  0.068733
0.999032  0.0707319
0.999032  0.0707319
0.997873  0.0786741
0.995447  0.0820245
0.995419  0.0831472
0.995419  0.0831472
0.99196  0.093137
0.994366  0.0963895
0.991831  0.100317
0.990749  0.101694
0.988186  0.10697
0.988186  0.110564
0.988186  0.110924
0.988186  0.118211
0.988186  0.119866
0.988186  0.119866
0.988186  0.119866
0.988186  0.115959
0.988186  0.136738
0.988186  0.127567
0.988186  0.119866
0.988186  0.148298
0.988186  0.148298
0.988186  0.148298
0.988186  0.148298
0.988186  0.148298
0.988186  0.148298
0.988186  0.148298
0.988186  0.148298
0.988186  0.148298
0.988186  0.157912
0.988186  0.148298
0.698882  0.189792
0.698882  0.189792
0.698882  0.189792
0.698882  0.189792
0.698882  0.189792
0.698882  0.189792
0.698882  0.189792
0.698882  0.189792
0.698882  0.189792
0.698882  0.189792
0.698882  0.189792
0.698882  0.189792
0.679489  0.189999
0.679684  0.191049
0.678535  0.194502
0.674542  0.197502
0.673717  0.199906
0.673059  0.203415
0.671342  0.206331
0.670493  0.209121
0.667013  0.212498
0.666685  0.214641
0.666685  0.214641
0.664907  0.221664
0.664815  0.221988
0.660356  0.227109
0.659435  0.230542
0.656215  0.233703
0.655432  0.236403
0.655307  0.238201
0.655105  0.243298
0.654853  0.246835
0.654853  0.246835
0.654853  0.246835
0.654853  0.250878
0.654852  0.261816
0.654852  0.263423
0.654852  0.267341
0.654852  0.258629
0.654852  0.258629
0.654852  0.275546
0.654852  0.263423
0.654852  0.270914
0.654852  0.290324
0.654852  0.290324
0.654852  0.290324
0.654852  0.290324
0.654852  0.290324
0.654852  0.290324
0.654852  0.290324
0.654852  0.290324
0.654852  0.290324
0.654852  0.290324
0.654852  0.290324
0.654852  0.290324
0.654852  0.290324
0.654852  0.290324
0.654852  0.290324
0.654852  0.290324
0.654852  0.290324
0.654852  0.290324
0.654852  0.290324
0.654852  0.290324
0.654852  0.290324
0.654852  0.344227
0.654852  0.290324
0.654852  0.290324
0.654852  0.29034
0.654852  0.300543
0.654852  0.290299
0.654852  0.288408
0.471239  0.417233
0.471239  0.417233
0.470923  0.417233
0.470923  0.417233
0.470923  0.417233
0.470923  0.417233
0.460771  0.417233
0.460771  0.417233
0.460771  0.417233
0.460771  0.417233
0.460771  0.417233
0.460771  0.417233
0.460771  0.417233
0.460771  0.417233
0.460771  0.417233
0.460771  0.417233
0.460771  0.417233
0.460771  0.417233
0.460771  0.417233
0.460771  0.417233
0.460771  0.417233
0.460771  0.417233
0.460771  0.417233
0.460771  0.417233
0.460771  0.417233
0.454896  0.417233
0.389436  0.417233
0.373659  0.41722
0.373659  0.41722
0.373659  0.41722
0.373659  0.41722
0.373659  0.41722
0.373659  0.41722
0.373659  0.41722
0.373659  0.41722
0.373659  0.41722
0.373659  0.41722
0.373659  0.41722
0.373659  0.41722
0.373659  0.41722
0.346855  0.417233
0.346855  0.417233
0.346855  0.417233
0.346855  0.417233
0.346855  0.417233
0.346855  0.417233
0.343444  0.417642
0.34202  0.419756
0.339104  0.422507
0.337866  0.425449
0.333946  0.429772
0.332823  0.430466
0.332827  0.430543
0.331772  0.437622
0.329771  0.441048
0.326971  0.444741
0.32479  0.446975
0.322704  0.448132
0.321626  0.45292
0.321573  0.456777
0.321561  0.459729
0.321561  0.459729
0.321519  0.473376
0.321519  0.47224
0.321519  0.473376
0.321519  0.477648
0.321519  0.495706
0.321519  0.482915
0.321519  0.505117
0.321519  0.51279
0.321519  0.51279
0.321519  0.51279
0.321519  0.51279
0.321519  0.51279
0.321519  0.51279
0.321519  0.51279
0.321519  0.51279
0.321519  0.51279
0.321519  0.51279
0.321519  0.51279
0.321519  0.51279
0.321519  0.51279
0.321519  0.51279
0.321519  0.51279
0.321519  0.51279
0.321519  0.51279
0.321519  0.51279
0.321519  0.51279
0.321519  0.51279
0.321519  0.509172
0.321519  0.515149
0.321519  0.52567
0.321519  0.512633
0.321519  0.51275
0.321519  0.512633
0.321519  0.512633
0.321519  0.510698
0.321519  0.529834
0.321519  0.529834
0.321519  0.517103
0.321519  0.540028
0.321519  0.540028
0.321519  0.51737
0.321519  0.51737
0.321519  0.51301
0.321519  0.512834
0.321519  0.505804
0.321519  0.512983
0.321519  0.512983
0.321519  0.518885
0.0239997  0.890111
0.0239997  0.890111
0.0239997  0.890111
0.0239997  0.890111
0.0239997  0.890111
0.0239997  0.890111
0.0239997  0.890111
0.0239997  0.890111
0.0239997  0.890111
0.0239997  0.890111
0.0239997  0.890111
0.0239997  0.890111
0.0239997  0.890111
0.0239997  0.890111
0.0239997  0.890111
0.0239997  0.890111
0.0239997  0.890111
0.0239997  0.890111
0.0239997  0.890111
0.0239997  0.890111
0.0239997  0.890111
0.0239997  0.890111
0.0239997  0.890111
0.0239997  0.890111
0.0239997  0.890111
0.0239997  0.890111
0.0239997  0.890111
0.0239997  0.890111
0.0239997  0.890111
0.0239997  0.890111
0.0239997  0.890111
0.0239997  0.890111
0.0239997  0.890111
0.0239997  0.890111
0.0239997  0.890111
0.0239997  0.890111
0.0239997  0.890111
0.0239997  0.890111
0.0239997  0.890111
0.0239997  0.890111
0.0239997  0.890111
0.0239997  0.890111
0.0239997  0.890111
0.0239997  0.890111
0.0239997  0.890111
0.0239997  0.890111
0.0239997  0.890111
0.0239997  0.890111
0.0239997  0.890111
0.0239997  0.890111
0.0239997  0.890111
0.0239997  0.890111
0.0239997  0.890111
0.0239997  0.890111
0.0239997  0.890111
0.0239997  0.890111
0.0239997  0.890111
0.0239997  0.890111
0.0239997  0.890111
0.0239997  0.890111
0.0239997  0.890111
0.0239997  0.890111
0.0239997  0.890111
0.0239997  0.890111
0.0239997  0.890111
0.0239997  0.890111
0.0239997  0.890111
0.0239997  0.890111
0.0239997  0.890111
0.0239997  0.890111
0.0239997  0.890111
0.0239997  0.890111
0.0239997  0.890111
0.0239997  0.890111
0.0239997  0.890111
0.0217254  0.890111
0.0193391  0.890114
0.0169323  0.894795
0.0141849  0.90116
0.0114121  0.912234
0.00884872  0.945926
0.00595945  0.9769
0.00298111  1.01403
