1 0.279744 1 0.399547 0.551106 0.593743 0.697662 0.741578 0.787169 0.910623 0.924912 0.985142 0.9386 0.990653 1 0.959479 1 0.917176 0.940342 0.86256 0.823622 0.74486 0.702186 0.584964 0.563299 0.414515 0.251688 0.225005 0.0682289 0 
0.999897 0.127671 0.370247 0.372917 0.413648 0.600545 0.739905 0.760144 0.74357 0.86616 1 1 0.957457 0.981644 1 0.934946 1 0.851546 0.834811 0.852097 0.89248 0.726567 0.716947 0.554557 0.5403 0.415329 0.266342 0.26586 0.0882693 0.0336517 
1 0.151268 0.281578 0.46421 0.414246 0.638211 0.702229 0.811136 0.723145 0.886071 0.859103 0.943005 0.949328 0.903831 1 0.918588 1 0.97083 0.906571 0.728092 0.769324 0.82696 0.620131 0.512943 0.565569 0.484745 0.176519 0.116044 0.177198 0.0656063 
0.999157 0.171912 0.307801 0.433035 0.443856 0.638452 0.694236 0.818506 0.724449 0.887068 0.882426 0.947163 0.948663 0.883911 0.971192 0.899209 1 0.964926 0.994139 0.716581 0.784708 0.756438 0.676074 0.478849 0.530613 0.439437 0.229628 0.102256 0.183266 0.0962006 
0.998745 0.16875 0.280762 0.347927 0.481682 0.611722 0.72765 0.748408 0.720726 0.877593 0.873555 0.892761 0.976698 0.908101 0.961282 0.865278 0.99488 0.982235 0.946925 0.792562 0.788162 0.840601 0.731574 0.590792 0.498689 0.484654 0.449815 0.136895 0.199912 0.233209 
0.998745 0.16875 0.280762 0.347927 0.481682 0.611722 0.72765 0.748408 0.720726 0.877593 0.873555 0.892761 0.976698 0.908101 0.961282 0.865278 0.99488 0.982235 0.946925 0.792562 0.788162 0.840601 0.731574 0.590792 0.498689 0.484654 0.449815 0.136895 0.199912 0.233209 
0.997326 0.156753 0.284017 0.454207 0.474962 0.611311 0.751758 0.748189 0.729627 0.846591 0.880623 0.905686 0.977146 0.902576 0.960806 0.878301 0.998199 0.977458 0.950026 0.72523 0.786143 0.792973 0.739178 0.588114 0.507201 0.483692 0.399046 0 0.194255 0.229213 
0.994465 0.0764607 0.195063 0.326475 0.333657 0.637366 0.716195 0.710354 0.747625 0.78836 0.784934 0.810498 0.96113 0.995639 0.901783 0.989914 0.990649 1 0.902952 0.892968 0.891226 0.997426 0.774067 0.678686 0.618546 0.569504 0.433327 0.28014 0.247096 0.154009 
0.995005 0.0965539 0.209674 0.342245 0.249434 0.638678 0.717687 0.698242 0.750638 0.800067 0.793372 0.814926 0.966086 1 0.900294 1 0.985587 1 0.906744 0.886667 0.948047 1 0.781563 0.656688 0.624146 0.555805 0.443393 0.263872 0.286986 0.157125 
0.995005 0.0965539 0.209674 0.342245 0.249434 0.638678 0.717687 0.698242 0.750638 0.800067 0.793372 0.814926 0.966086 1 0.900294 1 0.985587 1 0.906744 0.886667 0.948047 1 0.781563 0.656688 0.624146 0.555805 0.443393 0.263872 0.286986 0.157125 
0.991371 0.0627615 0.132672 0.0956816 0.513495 0.453266 0.635086 0.701394 0.697901 0.740291 0.730081 0.779459 0.969628 0.968542 1 0.985985 1 0.993697 0.930965 0.932818 0.850595 0.967013 0.71864 0.709127 0.555583 0.538522 0.342285 0.28957 0.309324 0.190568 
0.993142 0.100282 0.212363 0.355912 0.308242 0.638538 0.71453 0.507153 0.74486 0.772375 0.805766 0.782859 0.965585 1 0.652217 1 0.986687 0.997065 0.906983 0.860567 0.908118 0.954611 0.733133 0.597672 0.62475 0.54341 0.479971 0.230171 0.306382 0.131521 
0.989365 0.0584989 0.110031 0.200905 0.498107 0.485524 0.664685 0.675186 0.692151 0.739019 0.761571 0.829562 0.967314 0.977211 1 0.982427 1 0.999659 0.936559 0.879971 0.836169 0.96408 0.740478 0.734424 0.555673 0.580601 0.313879 0.378453 0.369011 0.17262 
0.990565 0.0223428 0.14581 0.0586717 0.434428 0.5097 0.56898 0.746494 0.693301 0.686274 0.639922 0.851658 0.973452 0.959965 1 0.970507 0.987229 1 0.937271 1 0.817084 0.971658 0.869551 0.709942 0.455249 0.466804 0.641601 0.333437 0.309949 0.244083 
0.987482 0 0.0781017 0 0.19676 0.516065 0.408186 0.5501 0.672064 0.783827 0.767008 0.757526 0.935417 1 0.995467 0.985336 1 1 0.999585 0.910438 0.823621 0.959483 0.840746 0.856867 0.634007 0.567894 0.53937 0.349962 0.147009 0.273758 
0.987482 0 0.0781017 0.13948 0.10396 0.571202 0.366038 0.551152 0.673052 0.78795 0.764866 0.760231 0.931338 0.98056 0.906404 0.988876 1 1 0.999573 0.910438 0.816151 0.973964 0.841263 0.87848 0.63046 0.633412 0.538056 0.337089 0.125576 0.346038 
0.987482 0 0.0781017 0.146141 0.0873107 0.571615 0.372717 0.551261 0.673052 0.799096 0.793887 0.763184 0.932442 0.975748 0.912091 0.988304 1 1 0.999577 0.91041 0.815991 0.969115 0.841315 0.874353 0.63062 0.634733 0.542293 0.339166 0.127421 0.363213 
0.987482 0 0.0781017 0.0618589 0.0462853 0.734262 0.366865 0.550194 0.673194 0.679816 0.846389 1 0.928936 1 0.908674 0.988979 1 1 0.999519 0.910788 0.957749 0.970437 0.844026 0.863224 0.629348 0.550392 0.494136 0.25874 0.395143 0.333586 
0.987482 0 0.0781017 0.080511 0.0481124 0.751365 0.367256 0.550189 0.673205 0.692603 0.845033 0.763599 0.928643 1 0.924343 0.991011 1 1 0.999516 0.910785 0.948641 0.97324 0.843613 0.851185 0.628707 0.608547 0.494108 0.342865 0.08134 0.33408 
0.987482 0 0.0781017 0.080511 0.0481124 0.751365 0.367256 0.550189 0.673205 0.692603 0.845033 0.763599 0.928643 1 0.924343 0.991011 1 1 0.999516 0.910785 0.948641 0.97324 0.843613 0.851185 0.628707 0.608547 0.494108 0.342865 0.08134 0.33408 
0.987482 0 0.0781017 0.080511 0.0481124 0.751365 0.367256 0.550189 0.673205 0.692603 0.845033 0.763599 0.928643 1 0.924343 0.991011 1 1 0.999516 0.910785 0.948641 0.97324 0.843613 0.851185 0.628707 0.608547 0.494108 0.342865 0.08134 0.33408 
0.987482 0 0.0781018 0 0.0510154 0.569029 0.385129 0.550825 0.673057 0.712365 0.934015 0.764519 0.94232 0.969995 1 0.99715 1 0.993255 0.99954 0.910817 0.975775 0.956665 0.841989 0.928838 0.632498 0.66548 0.495589 0.387525 0.0773543 0.32226 
0.987482 0 0.0781017 0.419834 0 0.094171 0.247437 0.546825 0.670473 0.992865 0.948991 0.759519 0.978193 0.923368 1 1 0.98923 0.999522 0.999344 0.916679 0.890381 0.958121 0.840021 0.733804 0.728631 0.372022 0.455017 0.462901 0.0230169 0.0930216 
0.987482 0 0.0781017 0.104766 0.287092 0.522445 0.417002 0.551231 0.672366 0.785308 0.796972 0.76497 0.945489 0.987832 1 0.987646 1 1 0.99956 0.910377 0.847968 0.96524 0.8419 0.898368 0.633824 0.699796 0 0.33376 0.10937 0.38129 
0.987482 0 0.0781017 0.080511 0.0481124 0.751365 0.367256 0.550189 0.673205 0.692603 0.845033 0.763599 0.928643 1 0.924343 0.991011 1 1 0.999516 0.910785 0.948641 0.97324 0.843613 0.851185 0.628707 0.608547 0.494108 0.342865 0.08134 0.33408 
0.987482 0 0.0781017 0.41628 0.526122 0.0333211 0.212893 0.546961 0.670364 0.992501 0.948958 0.769992 0.96774 0.934163 0.709246 0.977026 1 1 0.999343 0.909869 0.704434 0.932002 0.837046 0.738422 0.599983 0.393476 0.387392 0.420903 0.0177467 0.401059 
0.987482 0 0.0781017 0.41628 0.526122 0.0333211 0.212893 0.546961 0.670364 0.992501 0.948958 0.769992 0.96774 0.934163 0.709246 0.977026 1 1 0.999343 0.909869 0.704434 0.932002 0.837046 0.738422 0.599983 0.393476 0.387392 0.420903 0.0177467 0.401059 
0.987482 0 0.0781017 0.41628 0.526122 0.0333211 0.212893 0.546961 0.670364 0.992501 0.948958 0.769992 0.96774 0.934163 0.709246 0.977026 1 1 0.999343 0.909869 0.704434 0.932002 0.837046 0.738422 0.599983 0.393476 0.387392 0.420903 0.0177467 0.401059 
0.987482 0 0.0781017 0.41628 0.526122 0.0333211 0.212893 0.546961 0.670364 0.992501 0.948958 0.769992 0.96774 0.934163 0.709246 0.977026 1 1 0.999343 0.909869 0.704434 0.932002 0.837046 0.738422 0.599983 0.393476 0.387392 0.420903 0.0177467 0.401059 
0.987482 0 0.0781017 0.41628 0.526122 0.0333211 0.212893 0.546961 0.670364 0.992501 0.948958 0.769992 0.96774 0.934163 0.709246 0.977026 1 1 0.999343 0.909869 0.704434 0.932002 0.837046 0.738422 0.599983 0.393476 0.387392 0.420903 0.0177467 0.401059 
0.987482 0 0.0781017 0.41628 0.526122 0.0333211 0.212893 0.546961 0.670364 0.992501 0.948958 0.769992 0.96774 0.934163 0.709246 0.977026 1 1 0.999343 0.909869 0.704434 0.932002 0.837046 0.738422 0.599983 0.393476 0.387392 0.420903 0.0177467 0.401059 
0.987482 0 0.0781017 0.41628 0.526122 0.0333211 0.212893 0.546961 0.670364 0.992501 0.948958 0.769992 0.96774 0.934163 0.709246 0.977026 1 1 0.999343 0.909869 0.704434 0.932002 0.837046 0.738422 0.599983 0.393476 0.387392 0.420903 0.0177467 0.401059 
0.987482 0 0.0781017 0.41628 0.526122 0.0333211 0.212893 0.546961 0.670364 0.992501 0.948958 0.769992 0.96774 0.934163 0.709246 0.977026 1 1 0.999343 0.909869 0.704434 0.932002 0.837046 0.738422 0.599983 0.393476 0.387392 0.420903 0.0177467 0.401059 
0.987482 0 0.0781017 0.41628 0.526122 0.0333211 0.212893 0.546961 0.670364 0.992501 0.948958 0.769992 0.96774 0.934163 0.709246 0.977026 1 1 0.999343 0.909869 0.704434 0.932002 0.837046 0.738422 0.599983 0.393476 0.387392 0.420903 0.0177467 0.401059 
0.987482 0 0.0781017 0.416997 0.578054 0.0399516 0.211726 0.546952 0.670287 0.992647 0.948959 0.767292 0.96707 0.929701 0.734225 0.981395 0.996943 0.999977 0.999343 0.911554 0.504493 0.935096 0.837459 0.74013 0.652833 0.39562 0.394201 0.384438 0.0185739 0.407783 
0.987482 0 0.0781017 0.41628 0.526122 0.0333211 0.212893 0.546961 0.670364 0.992501 0.948958 0.769992 0.96774 0.934163 0.709246 0.977026 1 1 0.999343 0.909869 0.704434 0.932002 0.837046 0.738422 0.599983 0.393476 0.387392 0.420903 0.0177467 0.401059 
0.679162 0.401574 0.384982 0.605332 0.675505 0.769426 0.83111 0.89138 0.906426 0.975153 0.999955 0.999673 1 0.99582 0.97464 0.944775 0.902182 0.8723 0.797296 0.724176 0.658526 0.567274 0.495704 0.396104 0.309605 0.196074 0.0807928 0 0 0 
0.679162 0.401574 0.384982 0.605332 0.675505 0.769426 0.83111 0.89138 0.906426 0.975153 0.999955 0.999673 1 0.99582 0.97464 0.944775 0.902182 0.8723 0.797296 0.724176 0.658526 0.567274 0.495704 0.396104 0.309605 0.196074 0.0807928 0 0 0 
0.679162 0.401574 0.384982 0.605332 0.675505 0.769426 0.83111 0.89138 0.906426 0.975153 0.999955 0.999673 1 0.99582 0.97464 0.944775 0.902182 0.8723 0.797296 0.724176 0.658526 0.567274 0.495704 0.396104 0.309605 0.196074 0.0807928 0 0 0 
0.679162 0.401574 0.384982 0.605332 0.675505 0.769426 0.83111 0.89138 0.906426 0.975153 0.999955 0.999673 1 0.99582 0.97464 0.944775 0.902182 0.8723 0.797296 0.724176 0.658526 0.567274 0.495704 0.396104 0.309605 0.196074 0.0807928 0 0 0 
0.679162 0.401574 0.384982 0.605332 0.675505 0.769426 0.83111 0.89138 0.906426 0.975153 0.999955 0.999673 1 0.99582 0.97464 0.944775 0.902182 0.8723 0.797296 0.724176 0.658526 0.567274 0.495704 0.396104 0.309605 0.196074 0.0807928 0 0 0 
0.679162 0.401574 0.384982 0.605332 0.675505 0.769426 0.83111 0.89138 0.906426 0.975153 0.999955 0.999673 1 0.99582 0.97464 0.944775 0.902182 0.8723 0.797296 0.724176 0.658526 0.567274 0.495704 0.396104 0.309605 0.196074 0.0807928 0 0 0 
0.679162 0.401574 0.384982 0.605332 0.675505 0.769426 0.83111 0.89138 0.906426 0.975153 0.999955 0.999673 1 0.99582 0.97464 0.944775 0.902182 0.8723 0.797296 0.724176 0.658526 0.567274 0.495704 0.396104 0.309605 0.196074 0.0807928 0 0 0 
0.679162 0.401574 0.384982 0.605332 0.675505 0.769426 0.83111 0.89138 0.906426 0.975153 0.999955 0.999673 1 0.99582 0.97464 0.944775 0.902182 0.8723 0.797296 0.724176 0.658526 0.567274 0.495704 0.396104 0.309605 0.196074 0.0807928 0 0 0 
0.679162 0.401574 0.384982 0.605332 0.675505 0.769426 0.83111 0.89138 0.906426 0.975153 0.999955 0.999673 1 0.99582 0.97464 0.944775 0.902182 0.8723 0.797296 0.724176 0.658526 0.567274 0.495704 0.396104 0.309605 0.196074 0.0807928 0 0 0 
0.679162 0.401574 0.384982 0.605332 0.675505 0.769426 0.83111 0.89138 0.906426 0.975153 0.999955 0.999673 1 0.99582 0.97464 0.944775 0.902182 0.8723 0.797296 0.724176 0.658526 0.567274 0.495704 0.396104 0.309605 0.196074 0.0807928 0 0 0 
0.679162 0.401574 0.384982 0.605332 0.675505 0.769426 0.83111 0.89138 0.906426 0.975153 0.999955 0.999673 1 0.99582 0.97464 0.944775 0.902182 0.8723 0.797296 0.724176 0.658526 0.567274 0.495704 0.396104 0.309605 0.196074 0.0807928 0 0 0 
0.679162 0.401574 0.384982 0.605332 0.675505 0.769426 0.83111 0.89138 0.906426 0.975153 0.999955 0.999673 1 0.99582 0.97464 0.944775 0.902182 0.8723 0.797296 0.724176 0.658526 0.567274 0.495704 0.396104 0.309605 0.196074 0.0807928 0 0 0 
0.678922 0.403053 0.51352 0.590193 0.677637 0.787803 0.82247 0.905758 0.91734 0.976036 0.996897 0.999427 1 0.998478 0.969907 0.94587 0.903356 0.873706 0.810153 0.736673 0.657662 0.568601 0.502432 0.40163 0.308111 0.198598 0.0945023 0 0 0 
0.678959 0.403588 0.532503 0.578681 0.66956 0.8328 0.820764 0.924538 1 0.972774 0.996399 0.999597 1 0.99854 0.970902 0.936274 0.903175 0.877225 0.831747 0.735665 0.657891 0.568298 0.512968 0.410121 0.307099 0.196068 0.0947416 2.4338e-005 8.57153e-005 0 
0.676464 0.420277 0.450954 0.562161 0.688094 0.608766 0.790399 0.896194 0.909162 0.926048 1 0.999347 1 0.999702 0.961734 0.976542 0.905381 0.887381 0.699985 0.792775 0.684816 0.566609 0.471741 0.423012 0.308456 0.19582 0.08136 0.00540465 0.000809438 0 
0.674452 0.341383 0.438665 0.580173 0.64554 0.770454 0.842377 0.913396 0.902518 0.989989 0.986546 0.999997 1 0.999218 0.981649 0.955175 0.886494 0.949811 0.802344 0.721946 0.728031 0.573116 0.486384 0.476784 0.306293 0.219346 0.1015 0.00239713 0.000282506 0 
0.673706 0.332205 0.431377 0.499564 0.663529 0.7698 0.848456 0.909461 0.900991 0.984045 0.981467 0.999865 1 0.9995 0.983822 0.955874 0.886758 0.918684 0.865983 0.722269 0.793701 0.572343 0.469965 0.424672 0.305567 0.247665 0.100643 0.00122905 0.000249505 0 
0.672666 0.326146 0.431908 0.512377 0.65548 0.769771 0.845093 0.912156 0.901499 0.993846 0.987163 0.999909 1 0.998908 0.983612 0.953661 0.887837 0.934991 0.874654 0.721693 0.830185 0.572092 0.485316 0.432459 0.306006 0.29104 0.102656 0.000926342 0.000283701 0 
0.670785 0.306595 0.379367 0.549179 0.565328 0.732689 0.689058 0.704335 0.80468 0.877473 0.997176 0.999994 1 0.973752 0.921298 0.973383 0.943373 0.857548 0.907273 0.761507 0.744565 0.843184 0.560354 0.630462 0.335274 0.315707 0.345363 0.0714801 0.00948581 0.00842691 
0.669578 0.281348 0.383304 0.547412 0.562093 0.73345 0.697508 0.715803 0.816262 0.846174 0.982282 0.986564 1 0.973973 0.931833 0.973885 0.922841 0.853162 0.897227 0.722132 0.712242 0.774082 0.561005 0.631044 0.29782 0.310822 0.349648 0.0760056 0.00977666 0.0117567 
0.666623 0.226257 0.303444 0.344943 0.528786 0.71419 0.723597 0.757647 0.786075 0.827795 0.964554 0.891754 0.999612 0.961927 0.999253 0.99791 0.977582 0.980958 0.876316 0.910613 0.822586 0.59641 0.706721 0.535193 0.517016 0.313436 0.224408 0.212068 0.0141273 0.000407165 
0.666613 0.215287 0.306753 0.346298 0.529386 0.718943 0.725421 0.758408 0.792772 0.82418 0.972127 0.891861 0.999634 0.961973 0.999211 0.99794 0.982068 0.980717 0.8736 0.900197 0.818044 0.589161 0.708011 0.471531 0.525783 0.298976 0.228178 0.207363 0.0200453 0.11654 
0.666613 0.215287 0.306753 0.346298 0.529386 0.718943 0.725421 0.758408 0.792772 0.82418 0.972127 0.891861 0.999634 0.961973 0.999211 0.99794 0.982068 0.980717 0.8736 0.900197 0.818044 0.589161 0.708011 0.471531 0.525783 0.298976 0.228178 0.207363 0.0200453 0.11654 
0.664569 0.153202 0.280421 0.365034 0.604386 0.765 0.71841 0.734712 0.839654 0.800216 0.921132 0.932561 1 0.961045 0.999959 0.999995 1 0.99044 0.873784 0.939121 0.878098 0.649526 0.652718 0.619297 0.470444 0.338195 0.210586 0.231387 0.00587077 0 
0.66456 0.154904 0.278733 0.365198 0.612533 0.764548 0.717839 0.735059 0.840873 0.800447 0.920886 0.934092 1 0.961077 0.99996 0.999856 1 0.990539 0.875001 0.93927 0.876072 0.649871 0.657409 0.619292 0.472536 0.34048 0.204091 0.231751 0.000650677 0 
0.660036 0.0712832 0.175797 0.184614 0.395125 0.372831 0.532362 0.567549 0.668615 0.808468 0.900898 0.7679 1 0.956957 0.990519 1 0.92468 1 0.975968 0.926962 0.832439 0.785981 0.849925 0.710529 0.628548 0.497348 0.365026 0.368915 0.154463 0.147945 
0.657736 0 0.141796 0.228401 0.272142 0.385649 0.544679 0.622712 0.665121 0.741485 0.922939 0.824672 0.972452 0.93117 0.991983 1 0.945461 1 0.980876 0.976411 0.924362 0.849228 0.795846 0.593935 0.705402 0.513791 0.494148 0.393318 0.202678 0.218412 
0.656182 0.0135432 0.110779 0.252881 0.328606 0.533526 0.397847 0.601365 0.685686 0.747892 0.883935 0.94007 0.910194 0.953415 0.990459 1 0.955162 0.993612 0.935837 0.974557 0.880811 0.825004 0.797826 0.775484 0.672043 0.569071 0.563846 0.393774 0.293781 0.228933 
0.655353 0 0.0926772 0.186311 0.336517 0.341692 0.518723 0.569681 0.701409 0.737455 0.893983 0.839267 1 0.951464 0.992904 0.999968 0.921616 0.999582 1 0.944997 0.961425 0.845094 0.828402 0.786317 0.592617 0.55735 0.512684 0.501527 0.215839 0.19779 
0.655259 0 0.0949468 0.185789 0.280715 0.343802 0.586766 0.668809 0.698605 0.753524 0.916818 0.856429 1 0.951734 0.990939 0.999964 0.911586 0.971055 0.979046 0.94926 0.954097 0.839929 0.820173 0.78638 0.61356 0.523824 0.502266 0.499931 0.209428 0.186205 
0.654971 0 0.0899389 0.430524 0.247726 0.369268 0.581246 0.546718 0.711999 0.734776 0.764083 0.84625 0.955893 0.94258 0.992353 0.999955 0.906018 1 1 1 0.928147 0.81426 0.952746 0.679887 0.614074 0.568524 0.575366 0.449432 0.181125 0.250547 
0.654163 0 0.0786907 0.20241 0.094681 0.397293 0.349016 0.498357 0.68762 0.658798 1 0.940763 0.900213 0.961386 0.999992 0.999932 1 0.919635 0.905447 1 0.78115 0.856879 0.800512 0.788298 0.723992 0.606286 0.440506 0.430627 0.276129 0.206126 
0.654163 0 0.0786907 0.20241 0.094681 0.397293 0.349016 0.498357 0.68762 0.658798 1 0.940763 0.900213 0.961386 0.999992 0.999932 1 0.919635 0.905447 1 0.78115 0.856879 0.800512 0.788298 0.723992 0.606286 0.440506 0.430627 0.276129 0.206126 
0.654163 0 0.0786907 0.20241 0.094681 0.397293 0.349016 0.498357 0.68762 0.658798 1 0.940763 0.900213 0.961386 0.999992 0.999932 1 0.919635 0.905447 1 0.78115 0.856879 0.800512 0.788298 0.723992 0.606286 0.440506 0.430627 0.276129 0.206126 
0.654163 0 0.0786907 0.20241 0.094681 0.397293 0.349016 0.498357 0.68762 0.658798 1 0.940763 0.900213 0.961386 0.999992 0.999932 1 0.919635 0.905447 1 0.78115 0.856879 0.800512 1 0.723992 0.606286 0.440506 0.430627 0.276129 0.206126 
0.654148 0 0.0781017 0.340838 0.432777 0.175646 0.405786 0.466447 0.670694 0.662524 0.771193 1 0.861533 1 0.99971 1 0.907647 0.833152 0.999999 0.900346 0.996253 0.923704 0.730296 0.793871 0.940598 0.476776 0.331743 0.186739 0.301498 0.251594 
0.654148 0 0.0781017 0.340838 0.432777 0.175646 0.405786 0.466447 0.670694 0.662524 0.771193 1 0.746971 1 0.99971 1 0.907647 0.833152 0.999999 0.900346 0.996253 0.923704 0.730296 0.793871 0.940598 0.476776 0.331743 0.186739 0.301498 0.251594 
0.654148 0 0.0781017 0.408862 0.432777 0.175646 0.405786 0.470547 0.742013 0.662524 0.771193 1 0.746971 1 0.99971 1 0.907647 0.833152 0.999999 0.941351 0.996253 0.923704 0.730296 0.909009 0.940598 0.476776 0.331743 0.682429 0.301498 0.226234 
0.654148 0 0.0781017 0.181007 0.432777 0.175646 0.405786 0.511252 0.79992 0.662524 0.771193 1 0.73151 1 0.99971 1 0.907647 0.833152 0.999999 0.954275 0.996253 0.923704 0.730296 0.725079 0.940598 0.476776 0.331743 0.422671 0.301498 0.262945 
0.654148 0 0.0781017 0.181007 0.432777 0.175646 0.405786 0.511252 0.79992 0.662524 0.771193 1 0.73151 1 0.99971 1 0.907647 0.833152 0.999999 0.954275 0.996253 0.923704 0.730296 0.725079 0.940598 0.476776 0.331743 0.422671 0.301498 0.262945 
0.654148 0 0.0781017 0.429032 0.432777 0.175646 0.405786 0.339242 0.919613 0.662524 0.771193 1 0.746971 1 0.99971 1 0.907647 0.833152 0.999999 0.976092 0.996253 0.923704 0.730296 0.900934 0.940598 0.476776 0.331743 0.682429 0.301498 0.263076 
0.654148 0 0.0781017 0.340838 0.432777 0.175646 0.405786 0.466447 0.670694 0.662524 0.771193 1 0.746971 1 0.99971 1 0.907647 0.833152 0.999999 0.900346 0.996253 0.923704 0.730296 0.793871 0.940598 0.476776 0.331743 0.186739 0.301498 0.251594 
0.654148 0 0.0781017 0.317415 0.432777 0.175646 0.405786 0.451449 0.478001 0.662524 0.771193 1 0.746971 1 0.99971 1 0.907647 0.833152 0.999999 0.912784 0.996253 0.923704 0.730296 0.77812 0.940598 0.476776 0.331743 0.0548539 0.301498 0.2148 
0.654148 0 0.0781017 0 0.432777 0.175646 0.405786 0.339242 0.919613 0.662524 0.771193 1 0.746971 1 0.99971 1 0.907647 0.833152 0.999999 0.758396 0.996253 0.923704 0.730296 0.999541 0.940598 0.476776 0.331743 0.682429 0.301498 0.631846 
0.654148 0 0.0781017 0 0.432777 0.175646 0.405786 0.339242 0.919613 0.662524 0.771193 1 0.746971 1 0.99971 1 0.907647 0.833152 0.999999 0.758396 0.996253 0.923704 0.730296 0.999541 0.940598 0.476776 0.331743 0.682429 0.301498 0.631846 
0.654148 0 0.0781017 0 0.432777 0.175646 0.405786 0.339242 0.919613 0.662524 0.771193 1 0.746971 1 0.99971 1 0.907647 0.833152 0.999999 0.758396 0.996253 0.923704 0.730296 0.999541 0.940598 0.476776 0.331743 0.682429 0.301498 0.631846 
0.654148 0 0.0781017 0 0.432777 0.175646 0.405786 0.339242 0.919613 0.662524 0.771193 1 0.746971 1 0.99971 1 0.907647 0.833152 0.999999 0.758396 0.996253 0.923704 0.730296 0.999541 0.940598 0.476776 0.331743 0.682429 0.301498 0.631846 
0.654148 0 0.0781017 0 0.432777 0.175646 0.405786 0.339242 0.919613 0.662524 0.771193 1 0.746971 1 0.99971 1 0.907647 0.833152 0.999999 0.758396 0.996253 0.923704 0.730296 0.999541 0.940598 0.476776 0.331743 0.682429 0.301498 0.631846 
0.654148 0 0.0781017 0 0.432777 0.175646 0.405786 0.339242 0.919613 0.662524 0.771193 1 0.746971 1 0.99971 1 0.907647 0.833152 0.999999 0.758396 0.996253 0.923704 0.730296 0.999541 0.940598 0.476776 0.331743 0.682429 0.301498 0.631846 
0.654148 0 0.0781017 0 0.432777 0.175646 0.405786 0.339242 0.919613 0.662524 0.771193 1 0.746971 1 0.99971 1 0.907647 0.833152 0.999999 0.758396 0.996253 0.923704 0.730296 0.999541 0.940598 0.476776 0.331743 0.682429 0.301498 0.631846 
0.654148 0 0.0781017 0 0.432777 0.175646 0.405786 0.339242 0.919613 0.662524 0.771193 1 0.746971 1 0.99971 1 0.907647 0.833152 0.999999 0.758396 0.996253 0.923704 0.730296 0.999541 0.940598 0.476776 0.331743 0.682429 0.301498 0.631846 
0.654148 0 0.0781017 0 0.432777 0.175646 0.405786 0.339242 0.919613 0.662524 0.771193 1 0.746971 1 0.99971 1 0.907647 0.833152 0.999999 0.758396 0.996253 0.923704 0.730296 0.999541 0.940598 0.476776 0.331743 0.682429 0.301498 0.631846 
0.654148 0 0.0781017 0 0.432777 0.175646 0.405786 0.339242 0.919613 0.662524 0.771193 1 0.746971 1 0.99971 1 0.907647 0.833152 0.999999 0.758396 0.996253 0.923704 0.730296 0.999541 0.940598 0.476776 0.331743 0.682429 0.301498 0.631846 
0.654148 0 0.0781017 0 0.432777 0.175646 0.405786 0.339242 0.919613 0.662524 0.771193 1 0.746971 1 0.99971 1 0.907647 0.833152 0.999999 0.758396 0.996253 0.923704 0.730296 0.999541 0.940598 0.476776 0.331743 0.682429 0.301498 0.631846 
0.654148 0 0.0781017 0 0.432777 0.175646 0.405786 0.339242 0.919613 0.662524 0.771193 1 0.746971 1 0.99971 1 0.907647 0.833152 0.999999 0.758396 0.996253 0.923704 0.730296 0.999541 0.940598 0.476776 0.331743 0.682429 0.301498 0.631846 
0.654148 0 0.0781017 0 0.432777 0.175646 0.405786 0.339242 0.919613 0.662524 0.771193 1 0.746971 1 0.99971 1 0.907647 0.833152 0.999999 0.758396 0.996253 0.923704 0.730296 0.999541 0.940598 0.476776 0.331743 0.682429 0.301498 0.631846 
0.654148 0 0.0781017 0 0.432777 0.175646 0.405786 0.339242 0.919613 0.662524 0.771193 1 0.746971 1 0.99971 1 0.907647 0.833152 0.999999 0.758396 0.996253 0.923704 0.730296 0.999541 0.940598 0.476776 0.331743 0.682429 0.301498 0.631846 
0.654148 0 0.0781017 0 0.432777 0.175646 0.405786 0.339242 0.919613 0.662524 0.771193 1 0.746971 1 0.99971 1 0.907647 0.833152 0.999999 0.758396 0.996253 0.923704 0.730296 0.999541 0.940598 0.476776 0.331743 0.682429 0.301498 0.631846 
0.654148 0 0.0781017 0 0.432777 0.175646 0.405786 0.339242 0.919613 0.662524 0.771193 1 0.746971 1 0.99971 1 0.907647 0.833152 0.999999 0.758396 0.996253 0.923704 0.730296 0.999541 0.940598 0.476776 0.331743 0.682429 0.301498 0.631846 
0.654148 0 0.0781017 0 0.432777 0.175646 0.405786 0.339242 0.919613 0.662524 0.771193 1 0.746971 1 0.99971 1 0.907647 0.833152 0.999999 0.758396 0.996253 0.923704 0.730296 0.999541 0.940598 0.476776 0.331743 0.682429 0.301498 0.631846 
0.654148 0 0.0781017 0 0.432777 0.175646 0.405786 0.339242 0.919613 0.662524 0.771193 1 0.746971 1 0.99971 1 0.907647 0.833152 0.999999 0.758396 0.996253 0.923704 0.730296 0.999541 0.940598 0.476776 0.331743 0.682429 0.301498 0.631846 
0.654148 0 0.0781017 0 0.432777 0.175646 0.405786 0.339242 0.919613 0.662524 0.771193 1 0.746971 1 0.99971 1 0.907647 0.833152 0.999999 0.758396 0.996253 0.923704 0.730296 0.999541 0.940598 0.476776 0.331743 0.682429 0.301498 0.631846 
0.654148 0 0.0781017 0 0.432777 0.175646 0.405786 0.339242 0.919613 0.662524 0.771193 1 0.746971 1 0.99971 1 0.907647 0.833152 0.999999 0.758396 0.996253 0.923704 0.730296 0.999541 0.940598 0.476776 0.331743 0.682429 0.301498 0.631846 
0.654148 0 0.0781017 0 0.432777 0.175646 0.405786 0.339242 0.919613 0.662524 0.771193 1 0.746971 1 0.99971 1 0.907647 0.833152 0.999999 0.758396 0.996253 0.923704 0.730296 0.999541 0.940598 0.476776 0.331743 0.682429 0.301498 0.631846 
0.654148 0 0.0781017 0 0.432777 0 0.405786 0.466315 0.919613 0.662524 0.771193 1 0.746971 1 0.99971 1 0.907647 0.439782 0.34351 0.758396 0.996253 0.923704 0.730296 0.999541 0.940598 0.476776 0.331743 0.682429 0.301498 0.631846 
0.654148 0 0.0781017 0 0.432777 0.175646 0.405786 0.339242 0.919613 0.662524 0.771193 1 0.746971 1 0.99971 1 0.907647 0.833152 0.999999 0.758396 0.996253 0.923704 0.730296 0.999541 0.940598 0.476776 0.331743 0.682429 0.301498 0.631846 
0.654148 0 0.0781017 0 0.432777 0.175646 0.405786 0.339242 0.919613 0.662524 0.771193 1 0.746971 1 0.99971 1 0.907647 0.833152 0.999999 0.758396 0.996253 0.923704 0.730296 0.999541 0.940598 0.476776 0.331743 0.682429 0.301498 0.631846 
0.654148 0 0.0781017 0 0.432777 0.175646 0.405786 0.339242 0.919613 0.662524 0.771193 1 0.746971 1 0.99971 1 0.907647 0.833152 0.999999 0.758396 0.996253 0.923704 0.730296 1 0.940598 0.476776 0.331743 0.682429 0.301498 0.631846 
0.654148 0 0.0781017 0 0.432777 0.175646 0.405786 0.339242 0.919613 0.662524 0.771193 1 0.746971 1 0.99971 1 0.907647 0.833152 0.999999 0.758396 0.996253 0.923704 0.434569 0.999541 0.940598 0.476776 0.331743 0.682429 0.301498 0.631846 
0.654148 0 0.0781017 0 0.432777 0.185646 0.405786 0.363612 0.919613 0.662524 0.771193 1 0.746971 1 0.99971 1 0.907647 0.805433 0.915629 0.758396 0.996253 0.923704 0.730296 0.999541 0.940598 0.476776 0.331743 0.682429 0.301498 0.631846 
0.654148 0 0.0781017 0 0.432777 0.175646 0.405786 0.339242 0.919613 0.662524 0.771193 1 0.746971 1 0.99971 1 0.907647 1 0.999999 0.758396 0.996253 0.923704 0.730296 0.999541 0.940598 0.476776 0.331743 0.682429 0.301498 0.631846 
0.34366 0.370177 0.84358 0.572665 0.661469 0.732597 0.804744 0.859181 0.908545 0.939531 0.9717 1 1 1 0.981443 0.954821 0.909839 0.875781 0.813434 0.74818 0.678414 0.599076 0.510278 0.43386 0.325461 0.223916 0.125587 0.0114537 0 0 
0.34366 0.370177 0.84358 0.572665 0.661469 0.732597 0.804744 0.859181 0.908545 0.939531 0.9717 1 1 1 0.981443 0.954821 0.909839 0.875781 0.813434 0.74818 0.678414 0.599076 0.510278 0.43386 0.325461 0.223916 0.125587 0.0114537 0 0 
0.34366 0.370177 0.843136 0.572665 0.661469 0.732597 0.804744 0.859181 0.908545 0.939531 0.9717 1 1 1 0.981443 0.954822 0.909839 0.875781 0.813434 0.74818 0.678414 0.599076 0.510278 0.43386 0.325461 0.223916 0.125587 0.0114537 0 0 
0.34366 0.370177 0.843136 0.572665 0.661469 0.732597 0.804744 0.859181 0.908545 0.939531 0.9717 1 1 1 0.981443 0.954822 0.909839 0.875781 0.813434 0.74818 0.678414 0.599076 0.510278 0.43386 0.325461 0.223916 0.125587 0.0114537 0 0 
0.34366 0.370177 0.843136 0.572665 0.661469 0.732597 0.804744 0.859181 0.908545 0.939531 0.9717 1 1 1 0.981443 0.954822 0.909839 0.875781 0.813434 0.74818 0.678414 0.599076 0.510278 0.43386 0.325461 0.223916 0.125587 0.0114537 0 0 
0.34366 0.370177 0.843136 0.572665 0.661469 0.732597 0.804744 0.859181 0.908545 0.939531 0.9717 1 1 1 0.981443 0.954822 0.909839 0.875781 0.813434 0.74818 0.678414 0.599076 0.510278 0.43386 0.325461 0.223916 0.125587 0.0114537 0 0 
0.34366 0.370177 0.828579 0.572665 0.661469 0.732597 0.804744 0.859181 0.908545 0.939531 0.9717 1 1 1 0.981443 0.955916 0.909839 0.875781 0.813434 0.74818 0.678414 0.599076 0.510278 0.43386 0.325461 0.223916 0.125587 0.0114537 0 0 
0.34366 0.370177 0.828579 0.572665 0.661469 0.732597 0.804744 0.859181 0.908545 0.939531 0.9717 1 1 1 0.981443 0.955916 0.909839 0.875781 0.813434 0.74818 0.678414 0.599076 0.510278 0.43386 0.325461 0.223916 0.125587 0.0114537 0 0 
0.34366 0.370177 0.828579 0.572665 0.661469 0.732597 0.804744 0.859181 0.908545 0.939531 0.9717 1 1 1 0.981443 0.955916 0.909839 0.875781 0.813434 0.74818 0.678414 0.599076 0.510278 0.43386 0.325461 0.223916 0.125587 0.0114537 0 0 
0.34366 0.370177 0.828579 0.572665 0.661469 0.732597 0.804744 0.859181 0.908545 0.939531 0.9717 1 1 1 0.981443 0.955916 0.909839 0.875781 0.813434 0.74818 0.678414 0.599076 0.510278 0.43386 0.325461 0.223916 0.125587 0.0114537 0 0 
0.34366 0.370177 0.828579 0.572665 0.661469 0.732597 0.804744 0.859181 0.908545 0.939531 0.9717 1 1 1 0.981443 0.955916 0.909839 0.875781 0.813434 0.74818 0.678414 0.599076 0.510278 0.43386 0.325461 0.223916 0.125587 0.0114537 0 0 
0.34366 0.370177 0.828579 0.572665 0.661469 0.732597 0.804744 0.859181 0.908545 0.939531 0.9717 1 1 1 0.981443 0.955916 0.909839 0.875781 0.813434 0.74818 0.678414 0.599076 0.510278 0.43386 0.325461 0.223916 0.125587 0.0114537 0 0 
0.34366 0.370177 0.828579 0.572665 0.661469 0.732597 0.804744 0.859181 0.908545 0.939531 0.9717 1 1 1 0.981443 0.955916 0.909839 0.875781 0.813434 0.74818 0.678414 0.599076 0.510278 0.43386 0.325461 0.223916 0.125587 0.0114537 0 0 
0.34366 0.370177 0.828579 0.572665 0.661469 0.732597 0.804744 0.859181 0.908545 0.939531 0.9717 1 1 1 0.981443 0.955916 0.909839 0.875781 0.813434 0.74818 0.678414 0.599076 0.510278 0.43386 0.325461 0.223916 0.125587 0.0114537 0 0 
0.34366 0.370177 0.828579 0.572665 0.661469 0.732597 0.804744 0.859181 0.908545 0.939531 0.9717 1 1 1 0.981443 0.955916 0.909839 0.875781 0.813434 0.74818 0.678414 0.599076 0.510278 0.43386 0.325461 0.223916 0.125587 0.0114537 0 0 
0.34366 0.370177 0.828579 0.572665 0.661469 0.732597 0.804744 0.859181 0.908545 0.939531 0.9717 1 1 1 0.981443 0.955916 0.909839 0.875781 0.813434 0.74818 0.678414 0.599076 0.510278 0.43386 0.325461 0.223916 0.125587 0.0114537 0 0 
0.34366 0.370177 0.828579 0.572665 0.661469 0.732597 0.804744 0.859181 0.908545 0.939531 0.9717 1 1 1 0.981443 0.955916 0.909839 0.875781 0.813434 0.74818 0.678414 0.599076 0.510278 0.43386 0.325461 0.223916 0.125587 0.0114537 0 0 
0.34366 0.370177 0.828579 0.572665 0.661469 0.732597 0.804744 0.859181 0.908545 0.939531 0.9717 1 1 1 0.981443 0.955916 0.909839 0.875781 0.813434 0.74818 0.678414 0.599076 0.510278 0.43386 0.325461 0.223916 0.125587 0.0114537 0 0 
0.34366 0.370177 0.828579 0.572665 0.661469 0.732597 0.804744 0.859181 0.908545 0.939531 0.9717 1 1 1 0.981443 0.955916 0.909839 0.875781 0.813434 0.74818 0.678414 0.599076 0.510278 0.43386 0.325461 0.223916 0.125587 0.0114537 0 0 
0.34366 0.370177 0.828579 0.572665 0.661469 0.732597 0.804744 0.859181 0.908545 0.939531 0.9717 1 1 1 0.981443 0.955916 0.909839 0.875781 0.813434 0.74818 0.678414 0.599076 0.510278 0.43386 0.325461 0.223916 0.125587 0.0114537 0 0 
0.34366 0.370177 0.828579 0.572665 0.661469 0.732597 0.804744 0.859181 0.908545 0.939531 0.9717 1 1 1 0.981443 0.955916 0.909839 0.875781 0.813434 0.74818 0.678414 0.599076 0.510278 0.43386 0.325461 0.223916 0.125587 0.0114537 0 0 
0.34366 0.370177 0.828579 0.572665 0.661469 0.732597 0.804744 0.859181 0.908545 0.939531 0.9717 1 1 1 0.981443 0.955916 0.909839 0.875781 0.813434 0.74818 0.678414 0.599076 0.510278 0.43386 0.325461 0.223916 0.125587 0.0114537 0 0 
0.34366 0.370177 0.828579 0.572665 0.661469 0.732597 0.804744 0.859181 0.908545 0.939531 0.9717 1 1 1 0.981443 0.955916 0.909839 0.875781 0.813434 0.74818 0.678414 0.599076 0.510278 0.43386 0.325461 0.223916 0.125587 0.0114537 0 0 
0.34366 0.370177 0.828579 0.572665 0.661469 0.732597 0.804744 0.859181 0.908545 0.939531 0.9717 1 1 1 0.981443 0.955916 0.909839 0.875781 0.813434 0.74818 0.678414 0.599076 0.510278 0.43386 0.325461 0.223916 0.125587 0.0114537 0 0 
0.34366 0.370177 0.828579 0.572665 0.661469 0.732597 0.804744 0.859181 0.908545 0.939531 0.9717 1 1 1 0.981443 0.955916 0.909839 0.875781 0.813434 0.74818 0.678414 0.599076 0.510278 0.43386 0.325461 0.223916 0.125587 0.0114537 0 0 
0.34366 0.370177 0.819865 0.572665 0.661469 0.732597 0.804744 0.859181 0.908545 0.939531 0.9717 1 1 1 0.981443 0.954959 0.909839 0.875781 0.813434 0.74818 0.678414 0.599076 0.510278 0.43386 0.325461 0.223916 0.125587 0.0114537 0 0 
0.34366 0.370177 0.699852 0.572665 0.661469 0.732597 0.804744 0.859181 0.908545 0.939531 0.9717 1 1 1 0.981443 0.954009 0.909839 0.875781 0.813434 0.74818 0.678414 0.599076 0.510278 0.43386 0.325461 0.223916 0.125587 0.0114537 0 0 
0.344163 0.367301 0.66362 0.572644 0.665828 0.735871 0.803414 0.85918 0.911504 0.937286 0.968484 0.999208 1 1 0.98028 0.954004 0.90955 0.875555 0.812704 0.751277 0.679128 0.597708 0.510278 0.432983 0.325615 0.223453 0.12738 0.0114045 0 0 
0.344163 0.367301 0.66362 0.572644 0.665828 0.735871 0.803414 0.85918 0.911504 0.937286 0.968484 0.999208 1 1 0.98028 0.954004 0.90955 0.875555 0.812704 0.751277 0.679128 0.597708 0.510278 0.432983 0.325615 0.223453 0.12738 0.0114045 0 0 
0.344163 0.367301 0.66362 0.572644 0.665828 0.735871 0.803414 0.85918 0.911504 0.937286 0.968484 0.999208 1 1 0.98028 0.954004 0.90955 0.875555 0.812704 0.751277 0.679128 0.597708 0.510278 0.432983 0.325615 0.223453 0.12738 0.0114045 0 0 
0.344163 0.367301 0.66362 0.572644 0.665828 0.735871 0.803414 0.85918 0.911504 0.937286 0.968484 0.999208 1 1 0.98028 0.954004 0.90955 0.875555 0.812704 0.751277 0.679128 0.597708 0.510278 0.432983 0.325615 0.223453 0.12738 0.0114045 0 0 
0.344163 0.367301 0.66362 0.572644 0.665828 0.735871 0.803414 0.85918 0.911504 0.937286 0.968484 0.999208 1 1 0.98028 0.954004 0.90955 0.875555 0.812704 0.751277 0.679128 0.597708 0.510278 0.432983 0.325615 0.223453 0.12738 0.0114045 0 0 
0.344163 0.367301 0.66362 0.572644 0.665828 0.735871 0.803414 0.85918 0.911504 0.937286 0.968484 0.999208 1 1 0.98028 0.954004 0.90955 0.875555 0.812704 0.751277 0.679128 0.597708 0.510278 0.432983 0.325615 0.223453 0.12738 0.0114045 0 0 
0.344163 0.367301 0.66362 0.572644 0.665828 0.735871 0.803414 0.85918 0.911504 0.937286 0.968484 0.999208 1 1 0.98028 0.954004 0.90955 0.875555 0.812704 0.751277 0.679128 0.597708 0.510278 0.432983 0.325615 0.223453 0.12738 0.0114045 0 0 
0.344163 0.367301 0.66362 0.572644 0.665828 0.735871 0.803414 0.85918 0.911504 0.937286 0.968484 0.999208 1 1 0.98028 0.954004 0.90955 0.875555 0.812704 0.751277 0.679128 0.597708 0.510278 0.432983 0.325615 0.223453 0.12738 0.0114045 0 0 
0.344163 0.367301 0.66362 0.572644 0.665828 0.735871 0.803414 0.85918 0.911504 0.937286 0.968484 0.999208 1 1 0.98028 0.954004 0.90955 0.875555 0.812704 0.751277 0.679128 0.597708 0.510278 0.432983 0.325615 0.223453 0.12738 0.0114045 0 0 
0.344163 0.367301 0.66362 0.572644 0.665828 0.735871 0.803414 0.85918 0.911504 0.937286 0.968484 0.999208 1 1 0.98028 0.954004 0.90955 0.875555 0.812704 0.751277 0.679128 0.597708 0.510278 0.432983 0.325615 0.223453 0.12738 0.0114045 0 0 
0.344163 0.367301 0.66362 0.572644 0.665828 0.735871 0.803414 0.85918 0.911504 0.937286 0.968484 0.999208 1 1 0.98028 0.954004 0.90955 0.875555 0.812704 0.751277 0.679128 0.597708 0.510278 0.432983 0.325615 0.223453 0.12738 0.0114045 0 0 
0.344163 0.367301 0.66362 0.572644 0.665828 0.735871 0.803414 0.85918 0.911504 0.937286 0.968484 0.999208 1 1 0.98028 0.954004 0.90955 0.875555 0.812704 0.751277 0.679128 0.597708 0.510278 0.432983 0.325615 0.223453 0.12738 0.0114045 0 0 
0.344163 0.367301 0.66362 0.572644 0.665828 0.735871 0.803414 0.85918 0.911504 0.937286 0.968484 0.999208 1 1 0.98028 0.954004 0.90955 0.875555 0.812704 0.751277 0.679128 0.597708 0.510278 0.432983 0.325615 0.223453 0.12738 0.0114045 0 0 
0.343871 0.371637 0.442136 0.572794 0.658022 0.731579 0.804826 0.859181 0.908526 0.939478 0.995514 1 1 1 0.981738 0.957507 0.910526 0.875723 0.813319 0.747547 0.678519 0.599077 0.510278 0.433577 0.325466 0.223909 0.125776 0.0114617 0 0 
0.343871 0.371637 0.442136 0.572794 0.658022 0.731579 0.804826 0.859181 0.908526 0.939478 0.995514 1 1 1 0.981738 0.957507 0.910526 0.875723 0.813319 0.747547 0.678519 0.599077 0.510278 0.433577 0.325466 0.223909 0.125776 0.0114617 0 0 
0.343871 0.371637 0.442136 0.572794 0.658022 0.731579 0.804826 0.859181 0.908526 0.939478 0.995514 1 1 1 0.981738 0.957507 0.910526 0.875723 0.813319 0.747547 0.678519 0.599077 0.510278 0.433577 0.325466 0.223909 0.125776 0.0114617 0 0 
0.343871 0.371637 0.442136 0.572794 0.658022 0.731579 0.804826 0.859181 0.908526 0.939478 0.995514 1 1 1 0.981738 0.957507 0.910526 0.875723 0.813319 0.747547 0.678519 0.599077 0.510278 0.433577 0.325466 0.223909 0.125776 0.0114617 0 0 
0.343871 0.371637 0.442136 0.572794 0.658022 0.731579 0.804826 0.859181 0.908526 0.939478 0.995514 1 1 1 0.981738 0.957507 0.910526 0.875723 0.813319 0.747547 0.678519 0.599077 0.510278 0.433577 0.325466 0.223909 0.125776 0.0114617 0 0 
0.343871 0.371637 0.442136 0.572794 0.658022 0.731579 0.804826 0.859181 0.908526 0.939478 0.995514 1 1 1 0.981738 0.957507 0.910526 0.875723 0.813319 0.747547 0.678519 0.599077 0.510278 0.433577 0.325466 0.223909 0.125776 0.0114617 0 0 
0.343425 0.390234 0.487481 0.57289 0.640711 0.725786 0.800637 0.859671 0.928085 0.943634 0.998459 0.987427 1 0.951295 0.950785 0.952431 0.904494 0.878677 0.808634 0.764677 0.69509 0.61216 0.510279 0.437842 0.326993 0.227217 0.134477 0.0117775 0 0 
0.341883 0.351223 0.453329 0.473538 0.672111 0.71241 0.766589 0.842773 0.900909 0.937851 0.977567 0.964929 1 1 0.991473 0.945457 0.825305 0.922716 0.828385 0.806257 0.67544 0.624001 0.509585 0.437117 0.31154 0.250218 0.129583 0.0190392 0 8.9031e-006 
0.338485 0.293025 0.423051 0.583371 0.630343 0.646809 0.755635 0.786608 0.831818 0.938087 0.987057 0.998481 1 0.999458 1 1 0.909678 0.924076 0.897571 0.804484 0.734601 0.618656 0.559102 0.482442 0.389239 0.307836 0.193751 0.196587 0 6.7829e-006 
0.337718 0.299477 0.390393 0.589391 0.63133 0.66039 0.723752 0.711477 0.74197 0.953078 0.983645 0.999934 1 1 0.994975 0.986113 0.91411 0.943669 0.872972 0.823273 0.68913 0.606947 0.620487 0.504803 0.422173 0.287864 0.167408 0.175412 0 7.28485e-006 
0.33314 0.219799 0.329353 0.377722 0.472754 0.582672 0.643492 0.76325 0.775365 0.847987 0.902882 0.895594 1 0.993449 0.95011 0.979801 1 1 0.983285 0.932971 0.772162 0.75795 0.767022 0.597936 0.57564 0.440303 0.324826 0.201897 0.0416386 0.0229264 
0.332809 0.199029 0.303293 0.384823 0.502803 0.620796 0.648812 0.785463 0.784422 0.856296 0.905861 0.900375 0.997929 0.993 0.950742 0.973136 0.997859 0.995002 1 0.905561 0.773423 0.803037 0.77718 0.576591 0.57253 0.412565 0.29522 0.250226 0.0443328 3.88329e-006 
0.332774 0.193933 0.305282 0.386507 0.513622 0.613392 0.65664 0.796222 0.786527 0.856945 0.905883 0.900194 0.99685 0.992997 0.951015 0.967686 0.99772 0.993636 0.997236 0.896916 0.773198 0.800932 0.783516 0.586589 0.572966 0.413513 0.301116 0.250105 0.0441539 0.00298072 
0.331449 0.167155 0.292033 0.376702 0.484535 0.664906 0.579481 0.77383 0.779602 0.832845 0.907196 0.9136 0.938459 0.967943 0.947302 0.875434 1 1 1 0.909037 0.774799 0.80473 0.775181 0.700448 0.616653 0.407788 0.187322 0.260978 0 0 
0.329603 0.144404 0.253058 0.356892 0.497378 0.577923 0.677305 0.652624 0.750043 0.879446 0.935619 0.978128 1 0.976188 0.919872 0.979026 1 0.980145 0.981433 1 0.719706 0.893002 0.696438 0.607622 0.548242 0.535145 0.327357 0.348098 0.371434 0 
0.325991 0.0433301 0.160155 0.189728 0.404474 0.440711 0.502138 0.703801 0.699581 0.808019 0.884376 0.917041 0.880262 1 0.93772 0.849123 0.973565 0.963347 0.932577 1 0.846131 0.906183 0.793611 0.687472 0.695524 0.636638 0.428384 0.291134 0.208789 0.207147 
0.324745 0.0536829 0.154388 0.174652 0.412907 0.445977 0.514985 0.636588 0.709765 0.813262 0.884287 0.925512 0.880583 1 0.936072 0.866309 0.972665 0.965324 0.944124 1 0.861448 0.957486 0.731241 0.637134 0.693658 0.638224 0.407761 0.28892 0.238505 0.201205 
0.322535 0 0.0987779 0.296035 0.285078 0.395689 0.580654 0.578893 0.695583 0.706814 0.909336 0.910402 0.837324 1 1 1 0.992558 0.972104 1 0.988262 0.916586 0.859936 0.85104 0.799225 0.698137 0.615228 0.518468 0.399006 0.301273 0.181449 
0.321324 0 0.0916326 0.192989 0.320529 0.310097 0.460037 0.620333 0.666304 0.703194 0.880015 0.849475 0.921375 0.974827 0.999994 0.945242 1 0.996796 0.999975 0.978071 0.981218 0.790237 0.896165 0.84547 0.720967 0.723705 0.462509 0.308586 0.331061 0.189945 
0.321144 0 0.0882497 0.337019 0.317942 0.275971 0.434628 0.618001 0.576229 0.697456 0.880427 0.88724 1 0.967647 1 0.915046 0.995854 0.988512 0.999978 0.978635 1 0.818148 0.873479 0.832721 0.69444 0.678555 0.41572 0.279906 0.280017 0.21399 
0.321097 0 0.0872065 0 0.329867 0.272937 0.429994 0.613463 0.584366 0.597661 0.88019 0.896479 1 0.93505 1 0.903821 0.993942 0.991441 0.999978 0.97858 0.999983 0.817421 0.873992 0.830498 0.70714 0.669554 0.374864 0.282134 0.279559 0.212215 
0.321097 0 0.0872065 0 0.329867 0.272937 0.429994 0.613463 0.584366 0.597661 0.88019 0.896479 1 0.93505 1 0.903821 0.993942 0.991441 0.999978 0.97858 0.999983 0.817421 0.873992 0.830498 0.70714 0.669554 0.374864 0.282134 0.279559 0.212215 
0.320815 0 0.0781009 0.173796 0.196002 0.250757 0.236957 0.607208 0.900024 0.907029 0.885906 0.969041 0.820769 0.914967 0.9985 0.912685 0.952684 0.938821 1 0.966236 1 0.861758 0.763724 0.999839 0.777377 0.48397 0.561334 0.441714 0.468192 0.0919977 
0.320815 0 0.0781009 0.173796 0.196002 0.284519 0.236957 0.607208 0.900024 0.907029 0.885906 0.969041 0.820769 0.914967 0.9985 0.889046 0.952684 0.938821 1 0.966236 1 0.861758 0.763724 0.999839 0.777377 0.561044 0.555025 0.441714 0.473144 0.0919977 
0.320815 0 0.0781009 0.173796 0.196002 0.250757 0.236957 0.607208 0.900024 0.907029 0.885906 0.969041 0.820769 0.914967 0.9985 0.912685 0.952684 0.938821 1 0.966236 1 0.861758 0.763724 0.999839 0.777377 0.48397 0.561334 0.441714 0.468192 0.0919977 
0.320815 0 0.0781009 0.173796 0.196002 0.149649 0.236957 0.607208 0.900024 0.907029 0.885906 0.969041 0.820769 0.914967 0.9985 0.914958 0.952684 0.938821 1 0.966236 1 0.861758 0.763724 0.999839 0.777377 0.412724 0.563869 0.441714 0.469057 0.0919977 
0.320815 0 0.0781009 0.173796 0.196002 0.0147791 0.236957 0.607208 0.900024 0.907029 0.885906 0.969041 0.820769 0.914967 0.9985 1 0.952684 0.938821 1 0.966236 0.943958 0.861758 0.763724 0.999839 0.777377 0.172444 0.321767 0.441714 0.436036 0.0919977 
0.320815 0 0.0781009 0.173796 0.196002 0.302536 0.236957 0.607208 0.900024 0.907029 0.885906 0.969041 0.820769 0.914967 0.9985 0.893372 0.952684 0.938821 1 0.966236 0.525357 0.861758 0.763724 0.999839 0.777377 0.554472 0.555006 0.441714 0.472001 0.0919977 
0.320815 0 0.0781009 0.173796 0.196002 0.0147791 0.236957 0.607208 0.900024 0.907029 0.885906 0.969041 0.820769 0.914967 0.9985 0.644743 0.952684 0.938821 1 0.966236 0.943958 0.861758 0.763724 0.999839 0.777377 0.172444 0.321767 0.441714 0.482635 0.0919977 
0.320815 0 0.0781009 0.173796 0.196002 0.0147791 0.236957 0.607208 0.900024 0.907029 0.885906 0.969041 0.820769 0.914967 0.9985 0.644743 0.952684 0.938821 1 0.966236 0.943958 0.861758 0.763724 0.999839 0.777377 0.172444 0.321767 0.441714 0.693965 0.0919977 
0.320815 0 0.0781009 0.173796 0.196002 0.0147791 0.236957 0.607208 0.900024 0.907029 0.885906 0.969041 0.820769 0.914967 0.9985 0.644743 0.952684 0.938821 1 0.966236 0.943958 0.861758 0.763724 0.999839 0.777377 0.172444 0.321767 0.441714 0.693965 0.0919977 
0.320815 0 0.0781009 0.173796 0.196002 0.0147791 0.236957 0.607208 0.900024 0.907029 0.885906 0.969041 0.820769 0.914967 0.9985 0.644743 0.952684 0.938821 1 0.966236 0.943958 0.861758 0.763724 0.999839 0.777377 0.172444 0.321767 0.441714 0.693965 0.0919977 
0.320815 0 0.0781009 0.173796 0.196002 0.0147791 0.236957 0.607208 0.900024 0.907029 0.885906 0.969041 0.820769 0.914967 0.9985 0.644743 0.952684 0.938821 1 0.966236 0.943958 0.861758 0.763724 0.999839 0.777377 0.172444 0.321767 0.441714 0.693965 0.0919977 
0.320815 0 0.0781009 0.173796 0.196002 0.0147791 0.236957 0.607208 0.900024 0.907029 0.885906 0.969041 0.820769 0.914967 0.9985 0.644743 0.952684 0.938821 1 0.966236 0.943958 0.861758 0.763724 0.999839 0.777377 0.172444 0.321767 0.441714 0.693965 0.0919977 
0.320815 0 0.0781009 0.173796 0.196002 0.0147791 0.236957 0.607208 0.900024 0.907029 0.885906 0.969041 0.820769 0.914967 0.9985 0.644743 0.952684 0.938821 1 0.966236 0.943958 0.861758 0.763724 0.999839 0.777377 0.172444 0.321767 0.441714 0.693965 0.0919977 
0.320815 0 0.0781009 0.173796 0.196002 0.0147791 0.236957 0.607208 0.900024 0.907029 0.885906 0.969041 0.820769 0.914967 0.9985 0.644743 0.952684 0.938821 1 0.966236 0.943958 0.861758 0.763724 0.999839 0.777377 0.172444 0.321767 0.441714 0.693965 0.0919977 
0.320815 0 0.0781009 0.173796 0.196002 0.0147791 0.236957 0.607208 0.900024 0.907029 0.885906 0.969041 0.820769 0.914967 0.9985 0.644743 0.952684 0.938821 1 0.966236 0.943958 0.861758 0.763724 0.999839 0.777377 0.172444 0.321767 0.441714 0.693965 0.0919977 
0.320815 0 0.0781009 0.173796 0.196002 0.0147791 0.236957 0.607208 0.900024 0.907029 0.885906 0.969041 0.820769 0.914967 0.9985 0.644743 0.952684 0.938821 1 0.966236 0.943958 0.861758 0.763724 0.999839 0.777377 0.172444 0.321767 0.441714 0.693965 0.0919977 
0.320815 0 0.0781009 0.173796 0.196002 0.0147791 0.236957 0.607208 0.900024 0.907029 0.885906 0.969041 0.820769 0.914967 0.9985 0.644743 0.952684 0.938821 1 0.966236 0.943958 0.861758 0.763724 0.999839 0.777377 0.172444 0.321767 0.441714 0.693965 0.0919977 
0.320815 0 0.0781009 0.173796 0.196002 0.0147791 0.236957 0.607208 0.900024 0.907029 0.885906 0.969041 0.820769 0.914967 0.9985 0.644743 0.952684 0.938821 1 0.966236 0.943958 0.861758 0.763724 0.999839 0.777377 0.172444 0.321767 0.441714 0.693965 0.0919977 
0.320815 0 0.0781009 0.173796 0.196002 0.0147791 0.236957 0.607208 0.900024 0.907029 0.885906 0.969041 0.820769 0.914967 0.9985 0.644743 0.952684 0.938821 1 0.966236 0.943958 0.861758 0.763724 0.999839 0.777377 0.172444 0.321767 0.441714 0.693965 0.0919977 
0.320815 0 0.0781009 0.173796 0.196002 0.0147791 0.236957 0.607208 0.900024 0.907029 0.885906 0.969041 0.820769 0.914967 0.9985 0.644743 0.952684 0.938821 1 0.966236 0.943958 0.861758 0.763724 0.999839 0.777377 0.172444 0.321767 0.441714 0.693965 0.0919977 
0.320815 0 0.0781009 0.173796 0.196002 0.0147791 0.236957 0.607208 0.900024 0.907029 0.885906 0.969041 0.820769 0.914967 0.9985 0.644743 0.952684 0.938821 1 0.966236 0.943958 0.861758 0.763724 0.999839 0.777377 0.172444 0.321767 0.441714 0.693965 0.0919977 
0.320815 0 0.0781009 0.173796 0.196002 0.0147791 0.236957 0.607208 0.900024 0.907029 0.885906 0.969041 0.820769 0.914967 0.9985 0.644743 0.952684 0.938821 1 0.966236 0.943958 0.861758 0.763724 0.999839 0.777377 0.172444 0.321767 0.441714 0.693965 0.0919977 
0.320815 0 0.0781009 0.173796 0.196002 0.0147791 0.236957 0.607208 0.900024 0.907029 0.885906 0.969041 0.820769 0.914967 0.9985 0.644743 0.952684 0.938821 1 0.966236 0.943958 0.861758 0.763724 0.999839 0.777377 0.172444 0.321767 0.441714 0.693965 0.0919977 
0.320815 0 0.0781009 0.173796 0.196002 0.0147791 0.236957 0.607208 0.900024 0.907029 0.885906 0.969041 0.820769 0.914967 0.9985 0.644743 0.952684 0.938821 1 0.966236 0.943958 0.861758 0.763724 0.999839 0.777377 0.172444 0.321767 0.441714 0.693965 0.0919977 
0.320815 0 0.0781009 0.173796 0.196002 0.0147791 0.236957 0.607208 0.900024 0.907029 0.885906 0.969041 0.820769 0.914967 0.9985 0.644743 0.952684 0.938821 1 0.966236 0.943958 0.861758 0.763724 0.999839 0.777377 0.172444 0.321767 0.441714 0.693965 0.0919977 
0.320815 0 0.0781009 0.173796 0.196002 0.0147791 0.236957 0.607208 0.900024 0.907029 0.885906 0.969041 0.820769 0.914967 0.9985 0.644743 0.952684 0.938821 1 0.966236 0.943958 0.861758 0.763724 0.999839 0.777377 0.172444 0.321767 0.441714 0.693965 0.0919977 
0.320815 0 0.0781009 0.173796 0.196002 0.0147791 0.236957 0.607208 0.900024 0.907029 0.885906 0.969041 0.820769 0.914967 0.9985 0.644743 0.952684 0.938821 1 0.966236 0.943958 0.861758 0.763724 0.999839 0.777377 0.172444 0.321767 0.441714 0.693965 0.0919977 
0.320815 0 0.0781009 0.173796 0.196002 0.0147791 0.236957 0.607208 0.538773 0.907029 0.885906 0.969041 0.820769 0.914967 1 0.644743 0.952684 0.938821 1 0.966236 0.943958 0.861758 0.763724 0.999839 0.777377 0.172444 0.321767 0.441714 0.693965 0.0919977 
0.320815 0 0.0781009 0 0.196002 0.0147791 0.236957 0.607208 0.900024 0.907029 0.885906 0.969041 0.820769 0.914967 0.9985 0.644743 0.952684 0.938821 1 0.966236 0.943958 0.861758 0.763724 0.999839 0.777377 0.172444 0.321767 0.441714 0.693965 0.0919977 
0.320815 0 0.0781009 0.173796 0.196002 0.0147791 0.236957 0.607208 0.900024 0.907029 0.885906 0.969041 0.820769 0.914967 0.9985 0.644743 0.952684 0.938821 1 0.966236 0.943958 0.861758 0.763724 0.999839 0.777377 0 0.321767 0.441714 0.693965 0.0919977 
0.320815 0 0.0781009 0.173796 0.196002 0.0147791 0.236957 0.607208 0.900024 0.907029 0.885906 0.969041 0.820769 0.914967 0.9985 0.644743 1 0.938821 1 0.966236 0.943958 0.861758 0.763724 0.999839 0.777377 0.172444 0.321767 0.441714 0.693965 0.0919977 
0.320815 0 0.0781009 0.173796 0.196002 0.0147791 0.236957 0.607208 0.900024 0.907029 0.885906 0.969041 0.820769 1 0.9985 0.644743 0.952684 0.938821 1 0.966236 0.943958 0.861758 0.763724 0.999839 0.777377 0.176017 0.321767 0.441714 0.693965 0.0919977 
0.320815 0 0.0781009 0.173796 0.196002 0.0147791 0.236957 0.607208 0.900024 0.907029 0.885906 0.969041 0.820769 0.914967 0.9985 0.644743 0.999642 0.938821 1 0.966236 0.943958 0.861758 0.763724 0.999839 0.777377 0.172444 0.321767 0.441714 0.693965 0.0919977 
0.320815 0 0.0781009 0.173796 0.196002 0.0147791 0.236957 0.607208 0.900024 0.907029 0.885906 0.969041 0.820769 0.914967 0.9985 0.644743 0.999642 0.938821 1 0.966236 0.943958 0.861758 0.763724 0.999839 0.777377 0.172444 0.321767 0.441714 0.693965 0.0919977 
0.320815 0 0.0781009 0.173796 0.196002 0.0147791 0.236957 0.607208 0.504124 0.907029 0.885906 0.969041 0.820769 0.914967 1 0.644743 0.878672 0.938821 1 0.966236 0.943958 0.861758 0.763724 1 0.777377 0.172444 0.321767 0.441714 0.693965 0.0919977 
0.320815 0 0.0781009 0.173796 0.196002 0.0147791 0.236957 0.607208 0.900024 0.907029 0.885906 0.969041 0.820769 0.914967 0.9985 0.644743 0.952684 0.938821 1 0.966236 0.943958 0.647888 0.763724 0.999839 0.777377 0.172444 0.321767 0 0.693965 0.0919977 
0.320815 0 0.0781009 0.173796 0.196002 0.0147791 0.236957 0.607208 0.900024 0.907029 0.885906 0.969041 0.820769 0.914967 0.9985 0.644743 0.952684 0.938821 1 0.966236 0.943958 0.647888 0.763724 0.999839 0.777377 0.172444 0.321767 0 0.693965 0.0919977 
0.320815 0 0.0781009 0.187508 0.195001 0.0147791 0.236957 0.607208 1 0.907029 0.885906 0.969041 0.820769 0.914967 0.999916 0.644743 0.952684 0.938821 1 0.966236 0.943958 0.861758 0.763724 0.999839 0.777377 0.172444 0.321767 0.441714 0.693965 0.0919977 
0.320815 0 0.0781009 0.173796 0.196002 0.0147791 0 0.607208 0.900024 0.907029 0.885906 0.969041 0.820769 0.914967 0.9985 0.644743 0.952684 0.938821 1 0.966236 0.943958 0.716865 0.763724 0.999839 0.777377 0.172444 0.321767 0 0.693965 0.0919977 
0.320815 0 0.0781009 0.173796 0.196002 0.0147791 0 0.607208 0.900024 0.907029 0.885906 0.969041 0.820769 0.914967 0.9985 0.644743 0.952684 0.938821 1 0.966236 0.943958 0.716865 0.763724 0.999839 0.777377 0.172444 0.321767 0 0.693965 0.0919977 
0.320815 0 0.0781009 0.173796 0.196002 0.0147791 0.236957 0.607208 0.900024 0.907029 1 0.969041 0.820769 0.914967 0.815813 0.644743 0.952684 0.938821 1 0.966236 0.943958 0.882818 0.763724 0.999839 0.777377 0.172444 0.321767 0.350015 0.693965 0.0919977 
0.320815 0 0.0781009 0.173796 0.196002 0.0147791 0.236957 0.607208 0.900024 0.907029 1 0.969041 0.820769 0.914967 0.815813 0.644743 0.952684 0.938821 1 0.966236 0.943958 0.882818 0.763724 0.999839 0.777377 0.172444 0.321767 0.350015 0.693965 0.0919977 
0.320815 0 0.0781009 0.173796 0.196002 0.0147791 0.236957 0.607208 0.900024 0.907029 0.885906 0.969041 0.820769 0.914967 0.9985 0.644743 0.952684 0.938821 1 0.966236 0.943958 0.824125 0.763724 0.999839 0.777377 0.172444 0.321767 0.40878 0.693965 0.0919977 
0.320815 0 0.0781009 0.173796 0.196002 0.0147791 0.236957 0.607208 0.900024 0.907029 0.885906 0.969041 0.820769 0.914967 0.9985 0.644743 0.952684 0.938821 1 0.966236 0.943958 0.862433 0.763724 0.999839 0.777377 0.172444 0.321767 0.45818 0.693965 0.0919977 
0.320815 0 0.0781009 0 0.196002 0.0147791 0.236957 0.607208 0.900024 0.907029 0.885906 0.969041 0.820769 0.914967 0.9985 0.644743 0.952684 0.938821 1 0.966236 0.943958 0.861758 0.763724 0.999839 0.777377 0.364503 0.321767 0.441714 0.693965 0.0919977 
0.320815 0 0.0781009 0.176585 0.1957 0.0147791 0.236957 0.607208 0.90934 0.907029 0.885906 0.969041 0.820769 0.914967 0.998581 0.644743 0.988861 0.938821 1 0.966236 0.943958 0.861758 0.763724 0.999839 0.777377 0.172444 0.321767 0.441714 0.693965 0.0919977 
0.320815 0 0.0781009 0.176585 0.1957 0.0147791 0.236957 0.607208 0.90934 0.907029 0.885906 0.969041 0.820769 0.914967 0.998581 0.644743 0.988861 0.938821 1 0.966236 0.943958 0.861758 0.763724 0.999839 0.777377 0.172444 0.321767 0.441714 0.693965 0.0919977 
0.320815 0 0.0781009 0.173796 0.196002 0.0147791 0.236957 0.607208 0.900024 0.907029 0.885906 0.969041 0.820769 0.931137 0.9985 0.644743 1 0.938821 1 0.966236 0.943958 0.861758 0.763724 0.999839 1 0.173494 0.321767 0.441714 0.693965 0.0919977 
0.0191324 0.502185 0.683562 0.702936 0.773458 0.835358 0.888319 0.931562 0.962657 0.98602 0.998304 1 0.986854 0.967432 0.935371 0.892378 0.846842 0.780836 0.711216 0.635048 0.549746 0.459173 0.363706 0.265071 0.162095 0.0578103 0 0 0 0 
0.0191324 0.502185 0.683562 0.702936 0.773458 0.835358 0.888319 0.931562 0.962657 0.98602 0.998304 1 0.986854 0.967432 0.935371 0.892378 0.846842 0.780836 0.711216 0.635048 0.549746 0.459173 0.363706 0.265071 0.162095 0.0578103 0 0 0 0 
0.0191324 0.502185 0.683562 0.702936 0.773458 0.835358 0.888319 0.931562 0.962657 0.98602 0.998304 1 0.986854 0.967432 0.935371 0.892378 0.846842 0.780836 0.711216 0.635048 0.549746 0.459173 0.363706 0.265071 0.162095 0.0578103 0 0 0 0 
0.0191324 0.502185 0.683562 0.702936 0.773458 0.835358 0.888319 0.931562 0.962657 0.98602 0.998304 1 0.986854 0.967432 0.935371 0.892378 0.846842 0.780836 0.711216 0.635048 0.549746 0.459173 0.363706 0.265071 0.162095 0.0578103 0 0 0 0 
0.0191324 0.502185 0.683562 0.702936 0.773458 0.835358 0.888319 0.931562 0.962657 0.98602 0.998304 1 0.986854 0.967432 0.935371 0.892378 0.846842 0.780836 0.711216 0.635048 0.549746 0.459173 0.363706 0.265071 0.162095 0.0578103 0 0 0 0 
0.0191324 0.502185 0.683562 0.702936 0.773458 0.835358 0.888319 0.931562 0.962657 0.98602 0.998304 1 0.986854 0.967432 0.935371 0.892378 0.846842 0.780836 0.711216 0.635048 0.549746 0.459173 0.363706 0.265071 0.162095 0.0578103 0 0 0 0 
0.0191324 0.502185 0.683562 0.702936 0.773458 0.835358 0.888319 0.931562 0.962657 0.98602 0.998304 1 0.986854 0.967432 0.935371 0.892378 0.846842 0.780836 0.711216 0.635048 0.549746 0.459173 0.363706 0.265071 0.162095 0.0578103 0 0 0 0 
0.0191324 0.502185 0.683562 0.702936 0.773458 0.835358 0.888319 0.931562 0.962657 0.98602 0.998304 1 0.986854 0.967432 0.935371 0.892378 0.846842 0.780836 0.711216 0.635048 0.549746 0.459173 0.363706 0.265071 0.162095 0.0578103 0 0 0 0 
0.0191324 0.502185 0.683562 0.702936 0.773458 0.835358 0.888319 0.931562 0.962657 0.98602 0.998304 1 0.986854 0.967432 0.935371 0.892378 0.846842 0.780836 0.711216 0.635048 0.549746 0.459173 0.363706 0.265071 0.162095 0.0578103 0 0 0 0 
0.0191324 0.502185 0.683562 0.702936 0.773458 0.835358 0.888319 0.931562 0.962657 0.98602 0.998304 1 0.986854 0.967432 0.935371 0.892378 0.846842 0.780836 0.711216 0.635048 0.549746 0.459173 0.363706 0.265071 0.162095 0.0578103 0 0 0 0 
0.0191324 0.502185 0.683562 0.702936 0.773458 0.835358 0.888319 0.931562 0.962657 0.98602 0.998304 1 0.986854 0.967432 0.935371 0.892378 0.846842 0.780836 0.711216 0.635048 0.549746 0.459173 0.363706 0.265071 0.162095 0.0578103 0 0 0 0 
0.0191324 0.502185 0.683562 0.702936 0.773458 0.835358 0.888319 0.931562 0.962657 0.98602 0.998304 1 0.986854 0.967432 0.935371 0.892378 0.846842 0.780836 0.711216 0.635048 0.549746 0.459173 0.363706 0.265071 0.162095 0.0578103 0 0 0 0 
0.0191324 0.502185 0.683562 0.702936 0.773458 0.835358 0.888319 0.931562 0.962657 0.98602 0.998304 1 0.986854 0.967432 0.935371 0.892378 0.846842 0.780836 0.711216 0.635048 0.549746 0.459173 0.363706 0.265071 0.162095 0.0578103 0 0 0 0 
0.0191324 0.502185 0.683562 0.702936 0.773458 0.835358 0.888319 0.931562 0.962657 0.98602 0.998304 1 0.986854 0.967432 0.935371 0.892378 0.846842 0.780836 0.711216 0.635048 0.549746 0.459173 0.363706 0.265071 0.162095 0.0578103 0 0 0 0 
0.0191324 0.502185 0.683562 0.702936 0.773458 0.835358 0.888319 0.931562 0.962657 0.98602 0.998304 1 0.986854 0.967432 0.935371 0.892378 0.846842 0.780836 0.711216 0.635048 0.549746 0.459173 0.363706 0.265071 0.162095 0.0578103 0 0 0 0 
0.0191324 0.502185 0.683562 0.702936 0.773458 0.835358 0.888319 0.931562 0.962657 0.98602 0.998304 1 0.986854 0.967432 0.935371 0.892378 0.846842 0.780836 0.711216 0.635048 0.549746 0.459173 0.363706 0.265071 0.162095 0.0578103 0 0 0 0 
0.0191324 0.502185 0.683562 0.702936 0.773458 0.835358 0.888319 0.931562 0.962657 0.98602 0.998304 1 0.986854 0.967432 0.935371 0.892378 0.846842 0.780836 0.711216 0.635048 0.549746 0.459173 0.363706 0.265071 0.162095 0.0578103 0 0 0 0 
0.0191324 0.502185 0.683562 0.702936 0.773458 0.835358 0.888319 0.931562 0.962657 0.98602 0.998304 1 0.986854 0.967432 0.935371 0.892378 0.846842 0.780836 0.711216 0.635048 0.549746 0.459173 0.363706 0.265071 0.162095 0.0578103 0 0 0 0 
0.0191324 0.502185 0.683562 0.702936 0.773458 0.835358 0.888319 0.931562 0.962657 0.98602 0.998304 1 0.986854 0.967432 0.935371 0.892378 0.846842 0.780836 0.711216 0.635048 0.549746 0.459173 0.363706 0.265071 0.162095 0.0578103 0 0 0 0 
0.0191324 0.502185 0.683562 0.702936 0.773458 0.835358 0.888319 0.931562 0.962657 0.98602 0.998304 1 0.986854 0.967432 0.935371 0.892378 0.846842 0.780836 0.711216 0.635048 0.549746 0.459173 0.363706 0.265071 0.162095 0.0578103 0 0 0 0 
0.0191324 0.502185 0.683562 0.702936 0.773458 0.835358 0.888319 0.931562 0.962657 0.98602 0.998304 1 0.986854 0.967432 0.935371 0.892378 0.846842 0.780836 0.711216 0.635048 0.549746 0.459173 0.363706 0.265071 0.162095 0.0578103 0 0 0 0 
0.0191324 0.502185 0.683562 0.702936 0.773458 0.835358 0.888319 0.931562 0.962657 0.98602 0.998304 1 0.986854 0.967432 0.935371 0.892378 0.846842 0.780836 0.711216 0.635048 0.549746 0.459173 0.363706 0.265071 0.162095 0.0578103 0 0 0 0 
0.0191324 0.502185 0.683562 0.702936 0.773458 0.835358 0.888319 0.931562 0.962657 0.98602 0.998304 1 0.986854 0.967432 0.935371 0.892378 0.846842 0.780836 0.711216 0.635048 0.549746 0.459173 0.363706 0.265071 0.162095 0.0578103 0 0 0 0 
0.0191324 0.502185 0.683562 0.702936 0.773458 0.835358 0.888319 0.931562 0.962657 0.98602 0.998304 1 0.986854 0.967432 0.935371 0.892378 0.846842 0.780836 0.711216 0.635048 0.549746 0.459173 0.363706 0.265071 0.162095 0.0578103 0 0 0 0 
0.0191324 0.502185 0.683562 0.702936 0.773458 0.835358 0.888319 0.931562 0.962657 0.98602 0.998304 1 0.986854 0.967432 0.935371 0.892378 0.846842 0.780836 0.711216 0.635048 0.549746 0.459173 0.363706 0.265071 0.162095 0.0578103 0 0 0 0 
0.0191324 0.502185 0.683562 0.702936 0.773458 0.835358 0.888319 0.931562 0.962657 0.98602 0.998304 1 0.986854 0.967432 0.935371 0.892378 0.846842 0.780836 0.711216 0.635048 0.549746 0.459173 0.363706 0.265071 0.162095 0.0578103 0 0 0 0 
0.0191324 0.502185 0.683562 0.702936 0.773458 0.835358 0.888319 0.931562 0.962657 0.98602 0.998304 1 0.986854 0.967432 0.935371 0.892378 0.846842 0.780836 0.711216 0.635048 0.549746 0.459173 0.363706 0.265071 0.162095 0.0578103 0 0 0 0 
0.0191324 0.502185 0.683562 0.702936 0.773458 0.835358 0.888319 0.931562 0.962657 0.98602 0.998304 1 0.986854 0.967432 0.935371 0.892378 0.846842 0.780836 0.711216 0.635048 0.549746 0.459173 0.363706 0.265071 0.162095 0.0578103 0 0 0 0 
0.0191324 0.502185 0.683562 0.702936 0.773458 0.835358 0.888319 0.931562 0.962657 0.98602 0.998304 1 0.986854 0.967432 0.935371 0.892378 0.846842 0.780836 0.711216 0.635048 0.549746 0.459173 0.363706 0.265071 0.162095 0.0578103 0 0 0 0 
0.0191324 0.502185 0.683562 0.702936 0.773458 0.835358 0.888319 0.931562 0.962657 0.98602 0.998304 1 0.986854 0.967432 0.935371 0.892378 0.846842 0.780836 0.711216 0.635048 0.549746 0.459173 0.363706 0.265071 0.162095 0.0578103 0 0 0 0 
0.0191324 0.502185 0.683562 0.702936 0.773458 0.835358 0.888319 0.931562 0.962657 0.98602 0.998304 1 0.986854 0.967432 0.935371 0.892378 0.846842 0.780836 0.711216 0.635048 0.549746 0.459173 0.363706 0.265071 0.162095 0.0578103 0 0 0 0 
0.0191324 0.502185 0.683562 0.702936 0.773458 0.835358 0.888319 0.931562 0.962657 0.98602 0.998304 1 0.986854 0.967432 0.935371 0.892378 0.846842 0.780836 0.711216 0.635048 0.549746 0.459173 0.363706 0.265071 0.162095 0.0578103 0 0 0 0 
0.0191324 0.502185 0.683562 0.702936 0.773458 0.835358 0.888319 0.931562 0.962657 0.98602 0.998304 1 0.986854 0.967432 0.935371 0.892378 0.846842 0.780836 0.711216 0.635048 0.549746 0.459173 0.363706 0.265071 0.162095 0.0578103 0 0 0 0 
0.0191324 0.502185 0.683562 0.702936 0.773458 0.835358 0.888319 0.931562 0.962657 0.98602 0.998304 1 0.986854 0.967432 0.935371 0.892378 0.846842 0.780836 0.711216 0.635048 0.549746 0.459173 0.363706 0.265071 0.162095 0.0578103 0 0 0 0 
0.0191324 0.502185 0.683562 0.702936 0.773458 0.835358 0.888319 0.931562 0.962657 0.98602 0.998304 1 0.986854 0.967432 0.935371 0.892378 0.846842 0.780836 0.711216 0.635048 0.549746 0.459173 0.363706 0.265071 0.162095 0.0578103 0 0 0 0 
0.0191324 0.502185 0.683562 0.702936 0.773458 0.835358 0.888319 0.931562 0.962657 0.98602 0.998304 1 0.986854 0.967432 0.935371 0.892378 0.846842 0.780836 0.711216 0.635048 0.549746 0.459173 0.363706 0.265071 0.162095 0.0578103 0 0 0 0 
0.0191324 0.502185 0.683562 0.702936 0.773458 0.835358 0.888319 0.931562 0.962657 0.98602 0.998304 1 0.986854 0.967432 0.935371 0.892378 0.846842 0.780836 0.711216 0.635048 0.549746 0.459173 0.363706 0.265071 0.162095 0.0578103 0 0 0 0 
0.0191324 0.502185 0.683562 0.702936 0.773458 0.835358 0.888319 0.931562 0.962657 0.98602 0.998304 1 0.986854 0.967432 0.935371 0.892378 0.846842 0.780836 0.711216 0.635048 0.549746 0.459173 0.363706 0.265071 0.162095 0.0578103 0 0 0 0 
0.0191324 0.502185 0.683562 0.702936 0.773458 0.835358 0.888319 0.931562 0.962657 0.98602 0.998304 1 0.986854 0.967432 0.935371 0.892378 0.846842 0.780836 0.711216 0.635048 0.549746 0.459173 0.363706 0.265071 0.162095 0.0578103 0 0 0 0 
0.0191324 0.502185 0.683562 0.702936 0.773458 0.835358 0.888319 0.931562 0.962657 0.98602 0.998304 1 0.986854 0.967432 0.935371 0.892378 0.846842 0.780836 0.711216 0.635048 0.549746 0.459173 0.363706 0.265071 0.162095 0.0578103 0 0 0 0 
0.0191324 0.502185 0.683562 0.702936 0.773458 0.835358 0.888319 0.931562 0.962657 0.98602 0.998304 1 0.986854 0.967432 0.935371 0.892378 0.846842 0.780836 0.711216 0.635048 0.549746 0.459173 0.363706 0.265071 0.162095 0.0578103 0 0 0 0 
0.0191324 0.502185 0.683562 0.702936 0.773458 0.835358 0.888319 0.931562 0.962657 0.98602 0.998304 1 0.986854 0.967432 0.935371 0.892378 0.846842 0.780836 0.711216 0.635048 0.549746 0.459173 0.363706 0.265071 0.162095 0.0578103 0 0 0 0 
0.0191324 0.502185 0.683562 0.702936 0.773458 0.835358 0.888319 0.931562 0.962657 0.98602 0.998304 1 0.986854 0.967432 0.935371 0.892378 0.846842 0.780836 0.711216 0.635048 0.549746 0.459173 0.363706 0.265071 0.162095 0.0578103 0 0 0 0 
0.0191324 0.502185 0.683562 0.702936 0.773458 0.835358 0.888319 0.931562 0.962657 0.98602 0.998304 1 0.986854 0.967432 0.935371 0.892378 0.846842 0.780836 0.711216 0.635048 0.549746 0.459173 0.363706 0.265071 0.162095 0.0578103 0 0 0 0 
0.0191324 0.502185 0.683562 0.702936 0.773458 0.835358 0.888319 0.931562 0.962657 0.98602 0.998304 1 0.986854 0.967432 0.935371 0.892378 0.846842 0.780836 0.711216 0.635048 0.549746 0.459173 0.363706 0.265071 0.162095 0.0578103 0 0 0 0 
0.0191324 0.502185 0.683562 0.702936 0.773458 0.835358 0.888319 0.931562 0.962657 0.98602 0.998304 1 0.986854 0.967432 0.935371 0.892378 0.846842 0.780836 0.711216 0.635048 0.549746 0.459173 0.363706 0.265071 0.162095 0.0578103 0 0 0 0 
0.0191324 0.502185 0.683562 0.702936 0.773458 0.835358 0.888319 0.931562 0.962657 0.98602 0.998304 1 0.986854 0.967432 0.935371 0.892378 0.846842 0.780836 0.711216 0.635048 0.549746 0.459173 0.363706 0.265071 0.162095 0.0578103 0 0 0 0 
0.0191324 0.502185 0.683562 0.702936 0.773458 0.835358 0.888319 0.931562 0.962657 0.98602 0.998304 1 0.986854 0.967432 0.935371 0.892378 0.846842 0.780836 0.711216 0.635048 0.549746 0.459173 0.363706 0.265071 0.162095 0.0578103 0 0 0 0 
0.0191324 0.502185 0.683562 0.702936 0.773458 0.835358 0.888319 0.931562 0.962657 0.98602 0.998304 1 0.986854 0.967432 0.935371 0.892378 0.846842 0.780836 0.711216 0.635048 0.549746 0.459173 0.363706 0.265071 0.162095 0.0578103 0 0 0 0 
0.0191324 0.502185 0.683562 0.702936 0.773458 0.835358 0.888319 0.931562 0.962657 0.98602 0.998304 1 0.986854 0.967432 0.935371 0.892378 0.846842 0.780836 0.711216 0.635048 0.549746 0.459173 0.363706 0.265071 0.162095 0.0578103 0 0 0 0 
0.0191324 0.502185 0.683562 0.702936 0.773458 0.835358 0.888319 0.931562 0.962657 0.98602 0.998304 1 0.986854 0.967432 0.935371 0.892378 0.846842 0.780836 0.711216 0.635048 0.549746 0.459173 0.363706 0.265071 0.162095 0.0578103 0 0 0 0 
0.0191324 0.502185 0.683562 0.702936 0.773458 0.835358 0.888319 0.931562 0.962657 0.98602 0.998304 1 0.986854 0.967432 0.935371 0.892378 0.846842 0.780836 0.711216 0.635048 0.549746 0.459173 0.363706 0.265071 0.162095 0.0578103 0 0 0 0 
0.0191324 0.502185 0.683562 0.702936 0.773458 0.835358 0.888319 0.931562 0.962657 0.98602 0.998304 1 0.986854 0.967432 0.935371 0.892378 0.846842 0.780836 0.711216 0.635048 0.549746 0.459173 0.363706 0.265071 0.162095 0.0578103 0 0 0 0 
0.0191324 0.502185 0.683562 0.702936 0.773458 0.835358 0.888319 0.931562 0.962657 0.98602 0.998304 1 0.986854 0.967432 0.935371 0.892378 0.846842 0.780836 0.711216 0.635048 0.549746 0.459173 0.363706 0.265071 0.162095 0.0578103 0 0 0 0 
0.0191324 0.502185 0.683562 0.702936 0.773458 0.835358 0.888319 0.931562 0.962657 0.98602 0.998304 1 0.986854 0.967432 0.935371 0.892378 0.846842 0.780836 0.711216 0.635048 0.549746 0.459173 0.363706 0.265071 0.162095 0.0578103 0 0 0 0 
0.0191324 0.502185 0.683562 0.702936 0.773458 0.835358 0.888319 0.931562 0.962657 0.98602 0.998304 1 0.986854 0.967432 0.935371 0.892378 0.846842 0.780836 0.711216 0.635048 0.549746 0.459173 0.363706 0.265071 0.162095 0.0578103 0 0 0 0 
0.0191324 0.502185 0.683562 0.702936 0.773458 0.835358 0.888319 0.931562 0.962657 0.98602 0.998304 1 0.986854 0.967432 0.935371 0.892378 0.846842 0.780836 0.711216 0.635048 0.549746 0.459173 0.363706 0.265071 0.162095 0.0578103 0 0 0 0 
0.0191324 0.502185 0.683562 0.702936 0.773458 0.835358 0.888319 0.931562 0.962657 0.98602 0.998304 1 0.986854 0.967432 0.935371 0.892378 0.846842 0.780836 0.711216 0.635048 0.549746 0.459173 0.363706 0.265071 0.162095 0.0578103 0 0 0 0 
0.0191324 0.502185 0.683562 0.702936 0.773458 0.835358 0.888319 0.931562 0.962657 0.98602 0.998304 1 0.986854 0.967432 0.935371 0.892378 0.846842 0.780836 0.711216 0.635048 0.549746 0.459173 0.363706 0.265071 0.162095 0.0578103 0 0 0 0 
0.0191324 0.502185 0.683562 0.702936 0.773458 0.835358 0.888319 0.931562 0.962657 0.98602 0.998304 1 0.986854 0.967432 0.935371 0.892378 0.846842 0.780836 0.711216 0.635048 0.549746 0.459173 0.363706 0.265071 0.162095 0.0578103 0 0 0 0 
0.0191324 0.502185 0.683562 0.702936 0.773458 0.835358 0.888319 0.931562 0.962657 0.98602 0.998304 1 0.986854 0.967432 0.935371 0.892378 0.846842 0.780836 0.711216 0.635048 0.549746 0.459173 0.363706 0.265071 0.162095 0.0578103 0 0 0 0 
0.0191324 0.502185 0.683562 0.702936 0.773458 0.835358 0.888319 0.931562 0.962657 0.98602 0.998304 1 0.986854 0.967432 0.935371 0.892378 0.846842 0.780836 0.711216 0.635048 0.549746 0.459173 0.363706 0.265071 0.162095 0.0578103 0 0 0 0 
0.0191324 0.502185 0.683562 0.702936 0.773458 0.835358 0.888319 0.931562 0.962657 0.98602 0.998304 1 0.986854 0.967432 0.935371 0.892378 0.846842 0.780836 0.711216 0.635048 0.549746 0.459173 0.363706 0.265071 0.162095 0.0578103 0 0 0 0 
0.0191324 0.502185 0.683562 0.702936 0.773458 0.835358 0.888319 0.931562 0.962657 0.98602 0.998304 1 0.986854 0.967432 0.935371 0.892378 0.846842 0.780836 0.711216 0.635048 0.549746 0.459173 0.363706 0.265071 0.162095 0.0578103 0 0 0 0 
0.0191324 0.502185 0.683562 0.702936 0.773458 0.835358 0.888319 0.931562 0.962657 0.98602 0.998304 1 0.986854 0.967432 0.935371 0.892378 0.846842 0.780836 0.711216 0.635048 0.549746 0.459173 0.363706 0.265071 0.162095 0.0578103 0 0 0 0 
0.0191324 0.502185 0.683562 0.702936 0.773458 0.835358 0.888319 0.931562 0.962657 0.98602 0.998304 1 0.986854 0.967432 0.935371 0.892378 0.846842 0.780836 0.711216 0.635048 0.549746 0.459173 0.363706 0.265071 0.162095 0.0578103 0 0 0 0 
0.0191324 0.502185 0.683562 0.702936 0.773458 0.835358 0.888319 0.931562 0.962657 0.98602 0.998304 1 0.986854 0.967432 0.935371 0.892378 0.846842 0.780836 0.711216 0.635048 0.549746 0.459173 0.363706 0.265071 0.162095 0.0578103 0 0 0 0 
0.0191324 0.502185 0.683562 0.702936 0.773458 0.835358 0.888319 0.931562 0.962657 0.98602 0.998304 1 0.986854 0.967432 0.935371 0.892378 0.846842 0.780836 0.711216 0.635048 0.549746 0.459173 0.363706 0.265071 0.162095 0.0578103 0 0 0 0 
0.0191324 0.502185 0.683562 0.702936 0.773458 0.835358 0.888319 0.931562 0.962657 0.98602 0.998304 1 0.986854 0.967432 0.935371 0.892378 0.846842 0.780836 0.711216 0.635048 0.549746 0.459173 0.363706 0.265071 0.162095 0.0578103 0 0 0 0 
0.0191324 0.502185 0.683562 0.702936 0.773458 0.835358 0.888319 0.931562 0.962657 0.98602 0.998304 1 0.986854 0.967432 0.935371 0.892378 0.846842 0.780836 0.711216 0.635048 0.549746 0.459173 0.363706 0.265071 0.162095 0.0578103 0 0 0 0 
0.0191324 0.502185 0.683562 0.702936 0.773458 0.835358 0.888319 0.931562 0.962657 0.98602 0.998304 1 0.986854 0.967432 0.935371 0.892378 0.846842 0.780836 0.711216 0.635048 0.549746 0.459173 0.363706 0.265071 0.162095 0.0578103 0 0 0 0 
0.0191324 0.502185 0.683562 0.702936 0.773458 0.835358 0.888319 0.931562 0.962657 0.98602 0.998304 1 0.986854 0.967432 0.935371 0.892378 0.846842 0.780836 0.711216 0.635048 0.549746 0.459173 0.363706 0.265071 0.162095 0.0578103 0 0 0 0 
0.0191324 0.502185 0.683562 0.702936 0.773458 0.835358 0.888319 0.931562 0.962657 0.98602 0.998304 1 0.986854 0.967432 0.935371 0.892378 0.846842 0.780836 0.711216 0.635048 0.549746 0.459173 0.363706 0.265071 0.162095 0.0578103 0 0 0 0 
0.0191324 0.502185 0.683562 0.702936 0.773458 0.835358 0.888319 0.931562 0.962657 0.98602 0.998304 1 0.986854 0.967432 0.935371 0.892378 0.846842 0.780836 0.711216 0.635048 0.549746 0.459173 0.363706 0.265071 0.162095 0.0578103 0 0 0 0 
0.0191324 0.502185 0.683562 0.702936 0.773458 0.835358 0.888319 0.931562 0.962657 0.98602 0.998304 1 0.986854 0.967432 0.935371 0.892378 0.846842 0.780836 0.711216 0.635048 0.549746 0.459173 0.363706 0.265071 0.162095 0.0578103 0 0 0 0 
0.0191324 0.51271 0.66792 0.702936 0.773458 0.835358 0.888319 0.931292 0.962657 0.98602 0.998645 1 0.986854 0.967432 0.935371 0.892378 0.846842 0.780836 0.711212 0.635048 0.549746 0.459173 0.363706 0.265071 0.161222 0.0578103 0 0 0 0 
0.0191324 0.55274 0.630784 0.702936 0.770774 0.835358 0.888319 0.933676 0.962657 0.98602 1 1 0.986854 0.967432 0.935371 0.892378 0.846842 0.778074 0.714819 0.635048 0.549746 0.459173 0.363706 0.265071 0.160884 0.0578103 0 0 0 0 
0.0164682 0.477421 0.575247 0.645557 0.700678 0.788164 0.876086 0.887242 0.940644 0.988674 0.999471 0.999836 1 0.991559 0.949803 0.936178 0.883976 0.807166 0.851064 0.688595 0.553533 0.526009 0.435194 0.396214 0.208527 0.141691 0.0543668 0 0 0 
0.0137118 0.429358 0.53981 0.528192 0.71601 0.795974 0.780682 1 0.977674 0.992793 0.999663 0.998561 0.989875 1 1 1 0.946492 0.860435 0.816583 0.767595 0.654756 0.543702 0.445931 0.384048 0.326963 0.150459 0.0541604 0 0 5.83825e-005 
0.0110791 0.40412 0.517608 0.632676 0.72641 0.788186 0.816973 1 0.999675 0.995019 0.99869 0.998855 0.990903 0.84159 0.954457 1 0.936104 0.859433 0.834351 0.698683 0.736027 0.550261 0.42779 0.429565 0.451386 0.147339 0.0679728 0.0220625 0.00105731 0.00019851 
0.00834653 0.36007 0.476573 0.706054 0.694916 0.730056 0.831173 1 0.985554 0.99049 0.999633 0.999719 0.998373 1 0.885232 0.974228 0.914721 0.802122 0.828981 0.29827 0.547199 0.522249 0.435912 0.391762 0.170186 0.160175 0.0569795 0.000330694 0.00524274 0 
0.00583254 0.318603 0.401228 0.748135 0.625459 0.821493 0.886363 0.906792 1 0.980299 0.988558 0.99953 0.996078 0.999983 0.828453 0.987274 0.947245 0.839446 0.877798 0.459948 0.241685 0.574594 0.416728 0.390932 0.134878 0.136936 0.10514 0.0998773 0.00746667 0.000792193 
0.0023302 0.266208 0.370707 0.73546 0.59795 0.838128 0.932765 1 1 0.980104 0.988788 0.999462 0.999782 0.99966 0.792569 0.996475 0.98654 0.955083 0.873437 0.637416 0.377898 0.582985 0.424228 0.846532 0.14735 0.145216 0.145222 0.0940485 0.00959769 0.00264978 
