1  0.00167137
0.982799  0.0103786
0.964936  0.0207786
0.944276  0.0301986
0.929246  0.0379733
0.912987  0.0468438
0.895271  0.0571811
0.876002  0.0664875
0.859465  0.0755047
0.842892  0.084324
0.826541  0.0930862
0.81117  0.101807
0.796614  0.109672
0.783302  0.117524
0.766974  0.125924
0.753994  0.134125
0.741474  0.140872
0.727271  0.149298
0.714061  0.157646
0.699707  0.165882
0.687717  0.173049
0.674819  0.180892
0.663193  0.188214
0.65191  0.194922
0.638677  0.203396
0.628129  0.209848
0.616908  0.217631
0.604912  0.224857
0.594606  0.232522
0.583399  0.238328
0.573258  0.246339
0.561507  0.253835
0.550986  0.26041
0.540474  0.267554
0.530211  0.274218
0.520476  0.281431
0.510093  0.287731
0.501203  0.295564
0.490804  0.301558
0.479993  0.309194
0.471959  0.316555
0.461811  0.323006
0.452486  0.329256
0.444375  0.336167
0.433527  0.34331
0.426005  0.350008
0.41737  0.356884
0.408287  0.364115
0.39949  0.370622
0.390922  0.377274
0.382136  0.38426
0.374194  0.391206
0.366282  0.398108
0.357627  0.404843
0.34952  0.411331
0.34112  0.418377
0.332981  0.425049
0.324571  0.43243
0.317124  0.439092
0.309052  0.445939
0.301033  0.453234
0.293332  0.459996
0.28564  0.4673
0.278329  0.473815
0.270478  0.482336
0.262573  0.489553
0.255168  0.496784
0.247604  0.504365
0.240197  0.512377
0.232851  0.519876
0.22541  0.526885
0.218156  0.536101
0.209962  0.54382
0.203044  0.552107
0.195984  0.559303
0.188357  0.567498
0.181506  0.576659
0.174199  0.585437
0.166954  0.594261
0.159845  0.602546
0.152309  0.611806
0.145421  0.621273
0.138135  0.630656
0.13074  0.640832
0.122933  0.652204
0.115826  0.662037
0.109295  0.673293
0.101977  0.683803
0.0945564  0.695854
0.0873112  0.708612
0.0796255  0.722081
0.0725906  0.734908
0.0646126  0.749754
0.057187  0.765639
0.0496581  0.780726
0.0417276  0.79899
0.0341627  0.821279
0.0245572  0.847784
0.0174812  0.870699
0.00850313  0.912562
