1  0
0.995212  0.00955312
0.989903  0.0200919
0.984827  0.0304594
0.979491  0.0406754
0.974085  0.0512691
0.968602  0.0618138
0.963234  0.0724596
0.957766  0.0829187
0.951982  0.0940128
0.946318  0.104882
0.940288  0.116174
0.934167  0.127333
0.928239  0.138376
0.922028  0.150094
0.915659  0.161582
0.909338  0.173117
0.902828  0.184904
0.896375  0.196741
0.889573  0.208662
0.882785  0.220691
0.876005  0.232803
0.868982  0.245058
0.861752  0.257404
0.85454  0.269774
0.847117  0.282419
0.839686  0.295036
0.832143  0.307587
0.82446  0.320392
0.816432  0.333452
0.808486  0.346364
0.800367  0.359412
0.791997  0.372742
0.78388  0.385927
0.775367  0.39943
0.766575  0.41274
0.757744  0.426222
0.748743  0.439406
0.73943  0.453263
0.730125  0.466918
0.720892  0.480473
0.711289  0.494195
0.701468  0.507942
0.691588  0.521706
0.681557  0.53548
0.671618  0.549249
0.661245  0.562849
0.650653  0.576957
0.639968  0.590594
0.629071  0.604385
0.618173  0.617992
0.606978  0.631745
0.595709  0.645275
0.584234  0.658866
0.572653  0.672256
0.560921  0.68557
0.548963  0.698799
0.53698  0.711811
0.524777  0.724773
0.512455  0.737547
0.499928  0.750223
0.487497  0.762518
0.474829  0.774713
0.461989  0.786644
0.449039  0.798378
0.435975  0.809983
0.422982  0.821099
0.409792  0.832086
0.396602  0.842766
0.383299  0.853127
0.369899  0.86322
0.356588  0.873028
0.34311  0.882282
0.329681  0.891343
0.316207  0.900033
0.302762  0.908486
0.289369  0.916279
0.27587  0.9239
0.262577  0.931059
0.249303  0.937855
0.23609  0.944345
0.22289  0.95032
0.209847  0.955964
0.196804  0.961283
0.183909  0.966248
0.171147  0.970715
0.158481  0.974884
0.146043  0.978689
0.133637  0.98216
0.121442  0.985305
0.109424  0.988027
0.0977261  0.990464
0.0862994  0.992558
0.0745305  0.994491
0.0634527  0.995984
0.0523923  0.997265
0.041404  0.998299
0.0308366  0.999068
0.0203033  0.999601
0.00955657  0.999938
