0.851869  -0.773242
0.847889  -0.766667
0.845566  -0.756775
0.843958  -0.747326
0.842662  -0.738199
0.841511  -0.72901
0.840496  -0.720008
0.839506  -0.710066
0.838571  -0.700375
0.837666  -0.690508
0.836798  -0.680291
0.835963  -0.670004
0.835162  -0.659636
0.834348  -0.64864
0.833566  -0.637613
0.832815  -0.626636
0.832045  -0.614994
0.831317  -0.603386
0.830542  -0.591048
0.829794  -0.578615
0.829071  -0.566134
0.828326  -0.553099
0.827595  -0.54015
0.826853  -0.526606
0.826104  -0.512631
0.825367  -0.49829
0.824649  -0.484232
0.823918  -0.469179
0.652554  -0.458258
0.652554  -0.458258
0.652554  -0.458258
0.652554  -0.458258
0.652554  -0.458258
0.648802  -0.453774
0.645186  -0.440902
0.642665  -0.427235
0.640728  -0.413922
0.638742  -0.398302
0.637068  -0.383081
0.635436  -0.367104
0.633963  -0.351222
0.632487  -0.334268
0.631114  -0.316162
0.629669  -0.298584
0.628327  -0.280581
0.627008  -0.260448
0.625571  -0.240704
0.624225  -0.220194
0.622886  -0.199067
0.621584  -0.17656
0.620299  -0.155312
0.61884  -0.130037
0.453901  -0.124219
0.453901  -0.124219
0.453901  -0.124219
0.453901  -0.124219
0.453901  -0.124219
0.453901  -0.124219
0.453901  -0.124219
0.451741  -0.123169
0.444917  -0.106029
0.440498  -0.0844382
0.436826  -0.0605598
0.433577  -0.0352279
0.430478  -0.00795879
0.427552  0.0207407
0.424764  0.0513362
0.421885  0.08296
0.419014  0.117234
0.416153  0.152869
0.413314  0.18939
0.410245  0.229845
0.257744  0.242162
0.257744  0.242162
0.257744  0.242162
0.257744  0.242162
0.257744  0.242162
0.257744  0.242162
0.257744  0.242162
0.257744  0.242162
0.254236  0.243796
0.243881  0.266798
0.235857  0.301431
0.22864  0.342894
0.221588  0.390283
0.214546  0.442691
0.207288  0.499733
0.199222  0.560709
0.190347  0.623247
0.0834856  0.669825
0.0834856  0.669825
0.0834856  0.669825
0.0834856  0.669825
0.0834856  0.669825
0.0834856  0.669825
0.0760001  0.672599
0.0610796  0.695798
0.0465173  0.739069
0.0315591  0.796108
0.0164562  0.863858
