 -0.562495  -0.625001  -0.577485
  0.578126   0.499999   0.577132
  0.578126   0.499999   0.577129
  0.578126   0.499999   0.577127
  0.578126   0.499999   0.577127
 -0.431451  -0.210601  -0.317414
  0.578126   0.499999   0.577127
  0.578126   0.499999   0.577129
 -0.149407  -0.218413  -0.067479
 -0.149400  -0.218404   0.131555
  0.290088   0.230815   0.131499
  0.578126   0.499999   0.557384
  0.136844   0.073104   0.000396
  0.069110   0.027680   0.014598
  0.250384   0.323098   0.467691
  0.415040   0.499999   0.572707
  0.250293   0.183909   0.014548
  0.578126   0.499999   0.571197
  0.352573   0.249984   0.307082
 -0.149407  -0.218413  -0.303804
  0.068500  -0.176957   0.000457
  0.199374   0.073100   0.030242
  0.375384   0.353997   0.352325
  0.003680   0.000594   0.014556
  0.383790   0.499999   0.577127
  0.138797   0.074203   0.369290
  0.068500  -0.187394   0.006736
  0.578126   0.484189   0.452117
  0.352573   0.248529   0.295726
  0.290088   0.183940   0.014548
 -0.149407  -0.218413  -0.324067
  0.578143   0.326516   0.467437
  0.578126   0.484189   0.452117
  0.137717   0.249505   0.350305
  0.199374   0.073100   0.030227
  0.344743   0.499751   0.577033
  0.200217   0.249505   0.321181
  0.578126   0.499999   0.577048
  0.578126   0.499999   0.577033
  0.196067   0.355453   0.307078
