  0.554687   0.561504   0.577350
 -0.578248  -0.499999  -0.577424
 -0.578248  -0.499999  -0.577424
 -0.578248  -0.499902  -0.392861
 -0.580115  -0.496093  -0.577186
 -0.578248  -0.425073  -0.392861
 -0.578248  -0.499902  -0.392884
 -0.297011  -0.439263  -0.377351
 -0.105601  -0.158013  -0.252235
 -0.018559   0.111133   0.129607
 -0.522737  -0.428979  -0.392861
  0.054551  -0.031764  -0.008100
 -0.523561  -0.429042  -0.453042
 -0.517615  -0.492187  -0.320718
 -0.105605  -0.156749  -0.077918
 -0.226691  -0.198756  -0.143561
 -0.018559   0.111133   0.241908
  0.325175   0.172582  -0.014924
 -0.152480  -0.000758  -0.015418
 -0.297008  -0.439263  -0.252235
 -0.145156  -0.127711  -0.014924
 -0.517615  -0.355281  -0.320588
 -0.226699  -0.191241  -0.252229
 -0.226729  -0.202960  -0.327424
 -0.578256  -0.390399  -0.327424
 -0.226693  -0.390399  -0.326448
  0.357402   0.061503   0.514850
 -0.517615  -0.492187  -0.320722
 -0.226729  -0.237573  -0.378823
 -0.226729  -0.237573  -0.378823
  0.356425   0.172412   0.176421
 -0.518586  -0.428979  -0.392861
 -0.297011  -0.439263  -0.252229
 -0.027480  -0.031764  -0.015418
  0.325175   0.172412   0.184161
 -0.297011  -0.439263  -0.252229
 -0.518592  -0.499999  -0.569375
 -0.518592  -0.499999  -0.577180
  0.054551  -0.031764  -0.077424
 -0.105605  -0.156749  -0.077439
