  0.000764   0.979996
  0.978282   0.005966
  0.978282   0.005966
  0.967845   0.039244
  0.978181   0.006589
  0.962431   0.055619
  0.967847   0.039236
  0.933428   0.128603
  0.816473   0.395945
  0.538347   0.723638
  0.957752   0.057324
  0.627341   0.639769
  0.962617   0.039538
  0.957122   0.073815
  0.761815   0.477370
  0.829418   0.365214
  0.495904   0.767168
  0.439103   0.816084
  0.704249   0.563401
  0.916776   0.184016
  0.745872   0.506035
  0.943586   0.112023
  0.854187   0.314592
  0.874324   0.277882
  0.954524   0.092820
  0.909271   0.198174
  0.272675   0.915820
  0.957122   0.073813
  0.891923   0.242549
  0.891923   0.242549
  0.311698   0.864969
  0.957365   0.057768
  0.916775   0.184017
  0.663183   0.599799
  0.317617   0.858661
  0.916775   0.184017
  0.974695   0.009454
  0.975145   0.009391
  0.658042   0.612054
  0.761665   0.477620
