-19.999997   0.000031
-14.436387 -11.627280
-16.111734  -7.400209
-14.509574 -11.467459
-14.528240 -11.454701
-16.115870  -7.387799
-18.081076  -3.618659
-18.249338  -2.918414
-14.868514 -10.681743
-18.048773  -3.715874
-14.784030 -10.999725
-18.789403  -0.619084
-14.718697 -11.127465
-15.976059  -7.631013
-18.457358  -1.904917
-14.934150 -10.456312
-18.290288  -2.719563
-16.351340  -6.496073
-15.185289  -9.432516
-18.919015  -0.289090
-18.823467  -0.520058
-15.425280  -8.366493
-15.323535  -8.848925
-15.544168  -8.036023
-18.334137  -2.503156
-15.098139  -9.766155
-18.034715  -3.755788
-16.405672  -6.140280
-19.999997   0.000031
-18.721528  -0.830709
-15.388072  -8.562416
-18.184281  -3.214544
-14.598151 -11.371324
-15.579151  -7.831593
-18.535637  -1.548447
-16.578336  -5.415301
-16.283335  -6.801275
-16.458623  -5.939832
-14.978924 -10.282842
-18.393594  -2.208261
-15.059787  -9.957708
-18.120026  -3.452822
-18.184281  -3.214544
-18.586911  -1.334282
-18.901235  -0.326663
-18.670338  -1.012040
-18.640238  -1.123645
-16.283335  -6.801275
-16.874093  -4.241193
-16.723703  -4.737933
-15.366660  -8.654735
-18.569339  -1.404594
-18.500880  -1.704851
-18.717355  -0.848480
-17.941004  -3.875741
-15.273551  -9.040364
-16.778824  -4.481938
-15.499149  -8.188353
-16.782863  -4.461947
-16.355195  -6.394328
-16.207933  -7.051579
-16.739520  -4.663598
-15.882373  -7.751220
-16.651197  -5.090370
-18.118080  -3.460332
-15.152660  -9.567576
-15.457739  -8.226691
-15.229595  -9.229614
-15.006551 -10.176736
-15.136346  -9.627753
-16.132940  -7.322426
-15.276752  -9.023735
-18.360473  -2.371751
-16.530439  -5.589042
-16.518671  -5.706194
-18.420804  -2.078562
-16.946305  -4.062834
-15.229595  -9.229614
-18.360858  -2.370775
-18.506004  -1.679441
