 -0.000001   0.000001  -0.000001
 -1.152303  -1.152749  -1.152802
 -1.049805   0.004895  -1.074682
 -1.015936   0.000318  -1.074776
 -1.152303  -1.152749  -1.152802
 -1.080875  -0.701500  -1.093934
 -0.000001   0.000001  -0.682687
 -1.090552  -0.642383  -1.074837
 -1.044557  -1.090905  -1.078236
 -0.000002   0.000075  -1.054997
 -0.000001   0.000356  -1.016240
 -1.050419  -0.936889  -1.058398
 -0.000001   0.000001  -1.068166
 -0.981456  -0.932260  -1.104453
 -0.000001   0.000001  -0.950167
 -0.000001   0.000001  -0.879520
 -1.109020  -0.958154  -1.074709
 -0.996644  -1.003711  -1.074677
 -0.000003   0.000001  -0.847659
 -0.000002   0.000060  -0.723274
 -1.040135   0.007346  -1.133129
 -0.000001   0.000003  -0.765726
 -1.088886  -0.779626  -1.075158
 -0.947273   0.000013  -0.898765
 -0.000001   0.000013  -0.535159
 -0.000040   0.000032  -0.810856
 -0.000001   0.017417  -0.995187
 -1.080560  -0.830055  -1.093925
 -1.049805   0.004886  -0.879526
 -0.000001   0.000003  -0.976744
 -0.000001   0.000040  -0.643625
 -0.000001   0.000040  -0.586396
 -0.981446   0.000003  -0.976747
 -1.093862  -1.152855  -1.093925
 -1.070559  -1.003720  -1.152802
 -1.090791  -1.093671  -1.074677
 -1.041889  -0.779626  -1.075196
 -0.986336   0.000013  -0.899434
 -1.090089   0.000357  -1.094437
 -0.731202   0.000001  -0.000004
 -1.050510  -0.830078  -1.068166
 -0.996094   0.000002  -0.950167
 -0.947273   0.009804  -0.879520
 -1.041961   0.000001  -0.000004
 -1.093140   0.017417  -0.995187
 -0.000003   0.000032  -0.912175
 -1.093140   0.000003  -0.976744
 -0.957032   0.001320  -1.101259
 -1.074769  -1.003711  -1.055375
 -0.000003   0.000032  -0.813807
 -1.081407  -0.642383  -1.054997
 -0.009773   0.000013  -0.898765
 -0.000002   0.000075  -0.762205
 -1.041961   0.000001  -0.950166
 -0.000001   0.000040  -0.625175
 -1.152303  -1.152749  -1.112375
 -1.079692  -1.003711  -1.093934
 -1.030892   0.000013  -0.898765
 -0.000001   0.000032  -1.123356
 -1.051654  -0.779626  -1.075196
 -1.030886  -0.932574  -1.152802
 -0.000001   0.000182  -0.840307
 -0.006104   0.000040  -0.613253
 -1.152303  -1.152749  -1.094212
 -1.090791  -1.093738  -1.074837
 -1.051490  -0.642383  -1.068166
 -1.074219   0.000040  -0.586396
 -1.041871   0.007651  -0.977025
 -0.986336   0.000001  -0.879520
 -0.000002   0.000001  -0.625615
 -0.981456  -0.932260  -1.094746
 -1.093140   0.000002  -0.605931
 -0.937501   0.000001  -0.879520
 -0.000002   0.000032  -0.931702
 -1.118260   0.007346  -1.133129
 -1.041872   0.022033  -0.723274
 -1.050721   0.000001  -0.682687
 -0.000003   0.000032  -0.912171
 -1.093140   0.000040  -0.586396
 -1.059572   0.000060  -0.723274
