  3.999998   0.000000
  0.000000   3.999996
  3.999774   0.000000
  3.999901   0.000000
  3.999759   0.000000
  3.999752   0.000000
  3.999998   0.000000
  2.799780   0.106763
  0.171546   2.514823
  0.693287   1.362732
  2.665791   0.134891
  3.814701   0.002197
  3.999759   0.000000
  0.430510   1.805980
  2.470296   0.183426
  3.616726   0.009649
  3.297132   0.033929
  2.999399   0.071890
  3.079398   0.060113
  3.999424   0.000000
  3.667159   0.007228
  1.547193   0.571744
  3.999752   0.000000
  1.159454   0.852336
  3.297341   0.033908
  3.905699   0.000562
  1.762456   0.452155
  0.480804   1.707203
  1.314697   0.728287
  1.490200   0.607250
  3.999998   0.000000
  3.469346   0.018874
  2.112547   0.298706
  2.282027   0.239475
  3.939195   0.000233
  0.875515   1.132757
  1.930955   0.372603
  1.844907   0.411813
  3.999551   0.000000
  2.122098   0.295129
