  0.000000   3.999996
  3.999416   0.000000
  0.000000   3.999996
  0.000000   3.999996
  0.000000   3.999996
  0.000000   3.999996
  0.000000   3.999996
  0.629576   1.455744
  0.730158   1.312186
  0.000000   3.999996
  0.000000   3.999996
  0.301750   2.104480
  0.183356   2.470553
  0.000000   3.999996
  1.107191   0.898265
  1.374954   0.684616
  0.000000   3.999966
  0.379110   1.916235
  0.002604   3.798470
  0.000089   3.962311
  0.953676   1.047422
  0.470888   1.726038
  0.000000   3.999519
  0.005726   3.703050
  1.973360   0.354307
  0.000000   3.999996
  0.000000   3.999981
  0.029796   3.339332
  0.014901   3.526616
  0.051315   3.145202
  0.029800   3.339292
  1.617315   0.530367
  0.073421   2.989567
  0.468256   1.731087
  2.148565   0.285371
  0.101973   2.824642
  2.518299   0.170639
  3.999416   0.000000
  0.134111   2.669264
  0.059692   3.082411
