  0.994129   0.011196
  0.000000   1.011539
  0.982387   0.015607
  0.970646   0.020038
  0.908023   0.053794
  0.951076   0.029759
  0.782779   0.126131
  0.861057   0.078924
  0.767123   0.134077
  0.876712   0.075680
  0.923679   0.049058
  0.845401   0.089763
  0.837573   0.093403
  0.892368   0.070180
  0.923679   0.049058
  0.481409   0.317693
  0.923679   0.049058
  0.798434   0.113860
  0.618395   0.221004
  0.407045   0.372357
  0.172211   0.596579
  0.927593   0.043832
  0.610568   0.231980
  0.653620   0.202056
  0.360078   0.409727
  0.743640   0.145274
  0.563601   0.258010
  0.626223   0.216012
  0.821918   0.103067
  0.684932   0.181676
  0.297456   0.466549
  0.806262   0.112830
  0.281800   0.483005
  0.187867   0.578469
  0.516634   0.291756
  0.688845   0.178582
  0.450098   0.339621
  0.070450   0.754609
  0.657534   0.199255
  0.575342   0.249419
  0.814090   0.105419
  0.720157   0.162608
  0.454012   0.336283
  0.344423   0.421288
  0.735812   0.154043
  0.485323   0.311277
  0.704501   0.171617
  0.105675   0.688666
  0.074364   0.738848
  0.117417   0.668418
  0.665362   0.190066
  0.739726   0.150347
  0.673190   0.189217
  0.248532   0.512426
  0.391389   0.384003
  0.219178   0.542079
  0.093933   0.705350
  0.019569   0.876495
  0.133072   0.648131
  0.156556   0.620425
  0.203523   0.557809
  0.195695   0.570886
  0.152642   0.627902
  0.594912   0.238794
  0.428571   0.358040
  0.524462   0.283953
  0.590998   0.241732
  0.227006   0.538840
  0.637965   0.211516
  0.540117   0.271614
  0.086106   0.727832
  0.054795   0.787385
  0.336595   0.445796
  0.230920   0.533784
  0.129159   0.652580
  0.238748   0.532080
  0.266145   0.495389
  0.420744   0.371944
  0.023483   0.868077
  0.524462   0.283953
  0.375734   0.394619
  0.264188   0.504095
  0.013699   0.904694
  0.313112   0.453143
  0.923679   0.049058
  0.540117   0.271614
  0.313112   0.453143
  0.007828   0.928362
  0.387476   0.385483
  0.027397   0.852870
  0.426614   0.358728
  0.039139   0.811470
  0.500978   0.305580
  0.637965   0.211516
  0.504892   0.299251
  0.420744   0.371944
  0.454012   0.336283
  0.336595   0.445796
  0.046967   0.796826
  0.379648   0.393946
