  1.000000   0.019608
  0.000000   1.009852
  0.126984   0.993885
  0.000000   1.009852
  0.190476   0.984124
  0.380952   0.866143
  0.349206   0.894609
  0.349206   0.894609
  0.539683   0.721437
  0.460317   0.805972
  0.492063   0.782257
  0.253968   0.940742
  0.365079   0.888997
  0.492063   0.782257
  0.698413   0.526831
  0.412698   0.852676
  0.365079   0.888997
  0.349206   0.894609
  0.634921   0.610661
  0.793651   0.386116
  0.857143   0.282326
  0.000000   1.009852
  0.000000   1.009852
  0.571429   0.699484
  0.714286   0.497223
  0.761905   0.427273
  0.634921   0.610661
  0.904762   0.208105
  0.920635   0.170553
  0.904762   0.208105
  0.317460   0.910054
  0.317460   0.910054
  0.888889   0.244849
  0.952381   0.111672
  0.952381   0.111672
  1.000000   0.019608
  0.634921   0.610661
  0.571429   0.699484
  0.444444   0.820124
  0.428571   0.833780
