  0.857143  -0.761473
  0.000000   1.000000
  0.857143  -0.761473
  0.857143  -0.761473
  0.857143  -0.761473
  0.857143  -0.761473
  0.857143  -0.761473
  0.857143  -0.761473
  0.460317  -0.114815
  0.634921  -0.361817
  0.650794  -0.457309
  0.825397  -0.499388
  0.253968   0.244050
  0.412698   0.197278
  0.857143  -0.761473
  0.857143  -0.761473
  0.857143  -0.761473
  0.857143  -0.761473
  0.857143  -0.761473
  0.857143  -0.761473
  0.857143  -0.761473
  0.857143  -0.761473
  0.190476   0.619708
  0.079365   0.670361
  0.857143  -0.761473
  0.857143  -0.761473
  0.857143  -0.761473
  0.857143  -0.761473
  0.857143  -0.761473
  0.857143  -0.761473
  0.857143  -0.761473
  0.857143  -0.761473
  0.857143  -0.761473
  0.857143  -0.761473
  0.857143  -0.761473
  0.857143  -0.761473
  0.857143  -0.761473
  0.857143  -0.761473
  0.857143  -0.761473
  0.857143  -0.761473
  0.857143  -0.761473
  0.857143  -0.761473
  0.857143  -0.761473
  0.857143  -0.761473
  0.857143  -0.761473
  0.857143  -0.761473
  0.650794  -0.457309
  0.841270  -0.727034
  0.825397  -0.499388
  0.634921  -0.361817
  0.031746   0.795158
  0.031746   0.795158
  0.063492   0.690150
  0.063492   0.690150
  0.079365   0.670361
  0.190476   0.619708
  0.206349   0.504856
  0.000000   1.000000
  0.253968   0.244050
  0.412698   0.197278
  0.428571   0.010276
  0.015873   0.866421
  0.428571   0.010276
  0.444444  -0.104359
  0.444444  -0.104359
  0.460317  -0.114815
  0.047619   0.734296
  0.047619   0.734296
  0.238095   0.290413
  0.015873   0.866421
  0.222222   0.385754
  0.222222   0.385754
  0.206349   0.504856
  0.238095   0.290413
  0.857143  -0.761473
  0.841270  -0.727034
  0.857143  -0.761473
  0.857143  -0.761473
  0.857143  -0.761473
  0.857143  -0.761473
  0.857143  -0.761473
  0.857143  -0.761473
  0.857143  -0.761473
  0.857143  -0.761473
  0.857143  -0.761473
  0.857143  -0.761473
  0.857143  -0.761473
  0.857143  -0.761473
  0.857143  -0.761473
  0.857143  -0.761473
  0.857143  -0.761473
  0.857143  -0.761473
  0.857143  -0.761473
  0.857143  -0.761473
  0.825397  -0.499388
  0.650794  -0.457309
  0.650794  -0.457309
  0.650794  -0.457309
  0.634921  -0.361817
  0.460317  -0.114815
