3.66038  0.00529505
1.00196  0.0104269
0.999221  0.0105663
0.981074  0.0148071
0.975802  0.0176307
0.97206  0.0203856
0.960034  0.0241348
0.952859  0.0274237
0.948947  0.0309714
0.944232  0.0343
0.937382  0.0371623
0.930055  0.04079
0.92228  0.0435695
0.9211  0.0443675
0.914572  0.0496545
0.908714  0.0532011
0.907243  0.0544595
0.900492  0.0587705
0.898151  0.0624918
0.895525  0.0651055
0.89128  0.0668339
0.888137  0.0718411
0.884556  0.0752997
0.884556  0.0752997
0.882244  0.0806299
0.877918  0.0848042
0.876825  0.08833
0.876025  0.088932
0.873531  0.0943821
0.871404  0.0987496
0.870678  0.10184
0.870678  0.10184
0.868223  0.107785
0.868223  0.107785
0.866934  0.116
0.864516  0.119502
0.863743  0.121825
0.863389  0.124264
0.862419  0.129369
0.862322  0.131512
0.861246  0.136393
0.859573  0.140551
0.859573  0.140551
0.825386  0.147363
0.825386  0.147363
0.791822  0.1479
0.777634  0.148142
0.768858  0.148842
0.760495  0.149839
0.748424  0.151039
0.735442  0.152089
0.726304  0.153905
0.719118  0.15551
0.713949  0.158516
0.708658  0.160763
0.704766  0.163446
0.700501  0.165495
0.695676  0.168226
0.691735  0.170936
0.687213  0.173166
0.682978  0.175762
0.678421  0.178351
0.674484  0.180961
0.670273  0.183239
0.665732  0.185944
0.662878  0.187686
0.658317  0.190398
0.654202  0.192788
0.649677  0.195493
0.646189  0.197538
0.641707  0.200613
0.63807  0.202888
0.634497  0.204942
0.630087  0.208042
0.626764  0.21032
0.622776  0.212524
0.619496  0.214631
0.614909  0.217693
0.611798  0.220282
0.607834  0.222019
0.604168  0.224934
0.600314  0.226436
0.595757  0.229439
0.592581  0.231686
0.589338  0.233681
0.584999  0.23657
0.581593  0.239105
0.577046  0.24153
0.574316  0.243694
0.571012  0.24616
0.567456  0.248459
0.564301  0.250345
0.56004  0.252951
0.557163  0.254631
0.552885  0.257653
0.549215  0.259986
0.546035  0.262348
0.542501  0.264374
0.539616  0.266859
0.535272  0.269528
0.532528  0.271556
0.529379  0.273894
0.526382  0.276233
0.522544  0.278579
0.519319  0.280817
0.51624  0.283234
0.512877  0.285621
0.509589  0.287877
0.506265  0.289721
0.503029  0.292329
0.500118  0.294277
0.49677  0.297069
0.493  0.298824
0.48914  0.30149
0.486906  0.303551
0.483374  0.305658
0.480499  0.307737
0.477334  0.310137
0.474109  0.312621
0.471396  0.315231
0.467953  0.317208
0.465057  0.319163
0.462084  0.321983
0.458623  0.324022
0.456529  0.326579
0.452733  0.328508
0.449812  0.331004
0.447042  0.333111
0.443356  0.335602
0.440943  0.337647
0.437988  0.33973
0.433971  0.342396
0.431663  0.344388
0.428429  0.346358
0.425459  0.348921
0.422821  0.351081
0.419548  0.353419
0.416924  0.355877
0.413714  0.357986
0.411236  0.36012
0.408209  0.362639
0.405318  0.364649
0.402988  0.366422
0.399635  0.369064
0.396293  0.37161
0.393795  0.373681
0.391271  0.376062
0.388021  0.378306
0.38546  0.380596
0.382432  0.382813
0.379538  0.384885
0.376926  0.387047
0.374047  0.389376
0.371132  0.391843
0.368756  0.393678
0.365874  0.396015
0.362759  0.398726
0.360089  0.400989
0.357072  0.403057
0.354728  0.405472
0.351811  0.407491
0.34932  0.409914
0.346545  0.412098
0.34398  0.414444
0.341183  0.416975
0.3388  0.418715
0.335795  0.421291
0.33263  0.423836
0.330743  0.426081
0.328028  0.428128
0.325106  0.430813
0.322392  0.432972
0.319978  0.435011
0.317186  0.437497
0.314672  0.439884
0.312054  0.442264
0.309636  0.44455
0.306812  0.44701
0.304373  0.449252
0.301489  0.451715
0.298973  0.45399
0.296001  0.456482
0.293911  0.458682
0.291222  0.46094
0.288182  0.46357
0.286202  0.465647
0.283636  0.468258
0.281373  0.470361
0.278645  0.472802
0.275764  0.475478
0.273252  0.478042
0.271057  0.480043
0.268367  0.482739
0.265978  0.48507
0.26352  0.487472
0.261028  0.490085
0.258452  0.492331
0.255971  0.494773
0.253623  0.497366
0.250996  0.499727
0.248512  0.502194
0.246081  0.504901
0.243468  0.50738
0.241061  0.509669
0.238391  0.512437
0.235752  0.515187
0.233533  0.517493
0.230886  0.520113
0.228552  0.523035
0.226442  0.525306
0.223619  0.527845
0.221114  0.530662
0.219185  0.53303
0.21657  0.535598
0.213887  0.538315
0.211638  0.540858
0.209042  0.543667
0.206568  0.54623
0.204143  0.548822
0.201863  0.551554
0.199255  0.554405
0.196922  0.5567
0.194712  0.559501
0.192226  0.562149
0.189651  0.565145
0.187199  0.568021
0.184637  0.570907
0.182507  0.573528
0.180353  0.57636
0.177865  0.579425
0.175134  0.582278
0.173113  0.584784
0.170641  0.587706
0.168231  0.590911
0.165954  0.593866
0.163499  0.596397
0.161161  0.599783
0.158714  0.602592
0.156246  0.605444
0.154088  0.608744
0.151234  0.611837
0.148935  0.614957
0.146757  0.61814
0.144286  0.621008
0.142058  0.624018
0.139439  0.627574
0.137297  0.63083
0.134737  0.633845
0.132108  0.637341
0.13001  0.640482
0.127373  0.644188
0.125155  0.647427
0.122934  0.650707
0.120241  0.654284
0.117936  0.657737
0.115569  0.661732
0.113353  0.664677
0.110698  0.668561
0.108368  0.672165
0.10592  0.675448
0.102979  0.67962
0.10094  0.683277
0.0986787  0.686777
0.0960708  0.690758
0.0940447  0.694585
0.0915561  0.698323
0.088953  0.702635
0.0865529  0.706809
0.0842784  0.71126
0.081713  0.715189
0.0792416  0.719676
0.0768287  0.723922
0.0743495  0.728585
0.0717174  0.73331
0.0693972  0.737851
0.0668311  0.742959
0.0642171  0.747669
0.0619114  0.752582
0.0593121  0.758074
0.0569086  0.763317
0.054366  0.768397
0.0517234  0.774515
0.0494309  0.779787
0.0468823  0.785748
0.0442964  0.791953
0.0417536  0.798611
0.0390727  0.806259
0.036631  0.81275
0.0335716  0.820851
0.03087  0.830123
0.0286015  0.8365
0.0258826  0.844853
0.0232363  0.853469
0.0203484  0.864104
0.017536  0.873863
0.014723  0.885206
0.0120012  0.896552
0.00876463  0.912512
0.00610708  0.928804
0.00296401  0.955012
