1 -0.357911 -0.355093 0.308961 0.382237 0.45706 0.528267 0.637537 0.7185 0.782531 0.759091 0.775803 0.779519 0.786342 0.746305 0.754141 0.719827 0.771816 0.820657 0.671518 0.708348 0.550413 0.473851 0.433256 0.402009 0.262639 0.294436 0.201604 0.0371968 -0.130368 
0.992414 0.880401 0.837714 0.264905 0.258116 0.489688 0.462755 0.443012 0.524785 0.636778 0.678834 0.707331 0.839923 0.823847 0.61584 0.780538 0.775399 0.855798 0.80114 0.697754 0.679169 0.699491 0.548319 0.575046 0.498611 0.409465 0.431964 0.277798 0.165021 0.142004 
0.991016 0.873309 0.833288 0.249627 0.2594 0.487927 0.466982 0.446241 0.511054 0.642972 0.663024 0.692836 0.812832 0.80724 0.641829 0.762696 0.77009 0.820566 0.792887 0.685378 0.653964 0.684974 0.531674 0.556819 0.492877 0.411583 0.435293 0.271095 0.176274 0.144822 
0.980693 0.80294 0.786281 0.0658037 0.113393 0.302725 0.265945 0.296626 0.378309 0.509959 0.537043 0.56162 0.704941 0.706743 0.614523 0.680525 0.732612 0.785136 0.775654 0.712307 0.680236 0.694332 0.627325 0.612573 0.584527 0.511537 0.545333 0.403785 0.345026 0.246879 
0.97521 0.763119 0.759369 -0.0414665 0.0147705 0.181017 0.127693 0.193653 0.303544 0.415089 0.468865 0.488637 0.660104 0.656352 0.57033 0.643586 0.712937 0.796749 0.772418 0.742637 0.722955 0.715087 0.707736 0.66797 0.651361 0.576055 0.615365 0.498948 0.446276 0.412291 
0.971734 0.769001 0.757696 -0.0526605 -0.0173317 0.14966 0.0717515 0.149428 0.290803 0.38981 0.447914 0.453931 0.621804 0.646731 0.537108 0.578142 0.69483 0.797586 0.780888 0.72525 0.71793 0.725671 0.681448 0.656843 0.65956 0.586233 0.595939 0.53385 0.450935 0.420366 
0.957072 0.712552 0.716153 -0.285406 -0.231826 -0.0831625 -0.120823 -0.0261719 0.0795731 0.182202 0.271753 0.278459 0.47544 0.477356 0.542345 0.51025 0.639837 0.709446 0.704167 0.710862 0.730291 0.738975 0.764268 0.728723 0.763466 0.68378 0.732833 0.680154 0.614478 0.534152 
0.951646 0.722663 0.716408 -0.335722 -0.315964 -0.155218 -0.17763 -0.0917554 0.0131606 0.0967102 0.220874 0.220902 0.430331 0.424929 0.521532 0.478905 0.615463 0.694416 0.673742 0.68297 0.737388 0.75938 0.759914 0.750401 0.791109 0.698655 0.747793 0.731709 0.625359 0.623609 
0.94847 0.756265 0.741485 -0.354615 -0.411613 -0.244224 -0.169432 -0.101397 -0.0976589 -0.0290591 0.197409 0.177156 0.361167 0.334094 0.396307 0.410109 0.589198 0.624479 0.641569 0.661571 0.730616 0.715213 0.733864 0.740952 0.815574 0.667483 0.744521 0.705704 0.56832 0.655316 
0.944142 0.719952 0.724983 -0.381379 -0.410303 -0.24471 -0.173231 -0.12761 -0.0562655 -0.0472018 0.150063 0.120871 0.310189 0.263578 0.335251 0.359227 0.551144 0.551638 0.596743 0.586159 0.669925 0.672921 0.699843 0.704046 0.765655 0.653157 0.738942 0.698279 0.561067 0.647801 
0.936693 0.735242 0.722088 -0.447943 -0.514277 -0.347912 -0.278428 -0.243666 -0.167566 -0.137106 0.0639909 0.0161762 0.217648 0.17838 0.272849 0.343351 0.510577 0.512578 0.554925 0.540373 0.677387 0.685561 0.664827 0.709546 0.771854 0.674478 0.756387 0.749519 0.625757 0.711856 
0.929432 0.715284 0.710966 -0.559072 -0.62188 -0.490621 -0.414477 -0.346352 -0.294731 -0.284192 -0.0612685 -0.136624 0.0493272 0.0230277 0.196558 0.188605 0.402447 0.393483 0.444531 0.451075 0.569145 0.610162 0.605597 0.644064 0.738688 0.654676 0.672765 0.771076 0.76216 0.754311 
0.921716 0.69574 0.68837 -0.631439 -0.62175 -0.597581 -0.490413 -0.430778 -0.413326 -0.293571 -0.180046 -0.217681 -0.0367699 -0.0422594 0.10979 0.148988 0.246905 0.345366 0.333631 0.384519 0.458956 0.576648 0.555297 0.547561 0.622958 0.589688 0.70282 0.748022 0.740643 0.772336 
0.920796 0.687575 0.682293 -0.619954 -0.625407 -0.600466 -0.487147 -0.438096 -0.391915 -0.333325 -0.168539 -0.257167 -0.0577982 -0.0561454 0.104877 0.126219 0.20311 0.320336 0.336666 0.374711 0.452619 0.554728 0.533224 0.544523 0.616932 0.588894 0.664092 0.751418 0.742676 0.761293 
0.91434 0.667628 0.660927 -0.665234 -0.655294 -0.676289 -0.557347 -0.522183 -0.464205 -0.392322 -0.253334 -0.337172 -0.121456 -0.116621 0.0217903 0.090097 0.242254 0.260902 0.25694 0.309718 0.389647 0.52538 0.504849 0.499917 0.541516 0.53945 0.62387 0.744003 0.721223 0.745546 
0.908609 0.635988 0.637958 -0.711158 -0.658381 -0.708597 -0.514042 -0.580602 -0.514048 -0.423091 -0.293183 -0.381448 -0.231204 -0.214424 -0.0143469 -0.00549312 0.196926 0.137124 0.183206 0.222699 0.298367 0.46016 0.447695 0.468635 0.490211 0.549405 0.626791 0.734352 0.718133 0.74052 
0.907127 0.633411 0.633423 -0.70984 -0.653111 -0.677099 -0.563679 -0.565871 -0.525094 -0.42256 -0.332243 -0.430979 -0.20642 -0.234147 -0.0799683 0.00529372 0.178831 0.1395 0.182229 0.184031 0.288495 0.454894 0.448147 0.438407 0.458317 0.515572 0.614572 0.731628 0.709135 0.733021 
0.900293 0.606446 0.611216 -0.726892 -0.65378 -0.79693 -0.603695 -0.621873 -0.534646 -0.499606 -0.377231 -0.50528 -0.311772 -0.292467 -0.123893 -0.0793097 0.0672186 0.0355929 0.10019 0.149472 0.205093 0.33429 0.333171 0.355367 0.400632 0.484611 0.561632 0.71633 0.687872 0.702393 
0.898051 0.602484 0.607939 -0.736507 -0.670492 -0.829245 -0.592059 -0.646025 -0.534661 -0.51038 -0.328833 -0.527857 -0.354005 -0.307021 -0.18002 -0.100454 0.0592808 0.0248865 0.0782285 0.17862 0.211248 0.318243 0.335538 0.397948 0.405497 0.490197 0.528084 0.728676 0.605727 0.712281 
0.894876 0.580764 0.586727 -0.732345 -0.684174 -0.73708 -0.64586 -0.669057 -0.54535 -0.580356 -0.415097 -0.655463 -0.358658 -0.372641 -0.252045 -0.123769 0.0131198 -0.0372853 0.0760163 0.0339423 0.164024 0.330297 0.315264 0.321707 0.316228 0.457991 0.553881 0.721422 0.676392 0.694102 
0.891161 0.580535 0.585972 -0.758733 -0.660054 -0.881655 -0.68035 -0.691834 -0.568801 -0.541397 -0.446472 -0.606462 -0.444422 -0.367668 -0.293114 -0.158143 -0.0751107 -0.06837 -0.0104247 0.0706145 0.101149 0.260186 0.223716 0.254679 0.269775 0.444742 0.468467 0.692929 0.593254 0.677688 
0.887818 0.562133 0.571103 -0.750494 -0.646878 -0.929428 -0.738173 -0.683781 -0.565544 -0.614379 -0.503304 -0.691028 -0.432623 -0.409531 -0.288211 -0.190034 -0.127343 -0.116704 -0.0243334 0.0396313 0.0651834 0.145486 0.161384 0.185466 0.266264 0.38742 0.463894 0.689298 0.64248 0.645203 
0.884449 0.557404 0.565505 -0.765518 -0.65226 -0.944361 -0.771227 -0.706765 -0.575087 -0.605763 -0.52896 -0.694897 -0.47435 -0.425447 -0.3519 -0.213369 -0.186326 -0.155017 -0.0771029 0.0113699 0.0274539 0.125942 0.112551 0.117978 0.219458 0.386474 0.42962 0.67476 0.617215 0.639156 
0.884449 0.557404 0.565505 -0.765518 -0.65226 -0.944361 -0.771227 -0.706765 -0.575087 -0.605763 -0.52896 -0.694897 -0.47435 -0.425447 -0.3519 -0.213369 -0.186326 -0.155017 -0.0771029 0.0113699 0.0274539 0.125942 0.112551 0.117978 0.219458 0.386474 0.42962 0.67476 0.617215 0.639156 
0.882105 0.551942 0.555949 -0.822431 -0.680102 -0.920153 -0.766072 -0.797333 -0.670485 -0.606276 -0.561711 -0.726791 -0.546892 -0.451458 -0.397974 -0.217247 -0.171227 -0.147919 -0.122979 -0.0141995 -0.00654942 0.209317 0.163267 0.168191 0.151471 0.375605 0.43913 0.676686 0.568691 0.672429 
0.877762 0.530031 0.543559 -0.805585 -0.6576 -0.980086 -0.773798 -0.765597 -0.617665 -0.630222 -0.577282 -0.754755 -0.584105 -0.509368 -0.430417 -0.296419 -0.265018 -0.269122 -0.164149 -0.0802086 -0.0653674 0.0547779 0.0385268 0.044747 0.140288 0.386117 0.404654 0.658706 0.597768 0.628262 
0.876789 0.540269 0.548164 -0.79639 -0.66166 -0.981549 -0.840852 -0.761722 -0.602569 -0.610016 -0.586752 -0.752963 -0.575345 -0.478124 -0.489084 -0.271751 -0.311474 -0.246956 -0.183625 -0.0730827 -0.0611211 0.0595261 0.0137763 -0.0177832 0.107609 0.375293 0.36224 0.647962 0.57105 0.621994 
0.876001 0.536542 0.546158 -0.767451 -0.646116 -0.992269 -0.861957 -0.735819 -0.5592 -0.625544 -0.60467 -0.74988 -0.564071 -0.486889 -0.508781 -0.294261 -0.361316 -0.28448 -0.186032 -0.0724754 -0.0719955 -0.0109985 -0.0502294 -0.0706476 0.130424 0.3559 0.317825 0.636348 0.525626 0.592439 
0.873402 0.533692 0.541428 -0.786654 -0.66037 -0.999688 -0.879311 -0.773345 -0.582439 -0.625473 -0.630891 -0.777299 -0.611818 -0.497543 -0.555563 -0.305441 -0.389001 -0.301494 -0.222285 -0.0633694 -0.0946022 -0.0274268 -0.0660493 -0.0925323 0.143396 0.347231 0.296264 0.632606 0.472297 0.598871 
0.871251 0.527084 0.534339 -0.802254 -0.664166 -0.999813 -0.894502 -0.802309 -0.607066 -0.630982 -0.653693 -0.793751 -0.645662 -0.52007 -0.597115 -0.324092 -0.418551 -0.326372 -0.255182 -0.0995984 -0.125681 -0.0240231 -0.0828432 -0.113993 0.0872694 0.338198 0.27888 0.62463 0.449796 0.59715 
0.870306 0.500269 0.512438 -0.821911 -0.662785 -0.988052 -0.852895 -0.830387 -0.653415 -0.720661 -0.679966 -0.889167 -0.609991 -0.606366 -0.521069 -0.361204 -0.37178 -0.375442 -0.214262 -0.176952 -0.152488 -0.0166242 -0.0331515 -0.0409141 0.00899055 0.327633 0.358376 0.644205 0.517554 0.589995 
0.870306 0.500269 0.512438 -0.821911 -0.662785 -0.988052 -0.852895 -0.830387 -0.653415 -0.720661 -0.679966 -0.889167 -0.609991 -0.606366 -0.521069 -0.361204 -0.37178 -0.375442 -0.214262 -0.176952 -0.152488 -0.0166242 -0.0331515 -0.0409141 0.00899055 0.327633 0.358376 0.644205 0.517554 0.589995 
0.868025 0.517173 0.523704 -0.825653 -0.669861 -1 -0.917289 -0.845756 -0.644007 -0.639245 -0.687896 -0.818429 -0.696427 -0.55386 -0.659443 -0.352068 -0.462877 -0.363689 -0.304527 -0.153942 -0.172299 -0.0189177 -0.108034 -0.146184 0.00308011 0.324648 0.252805 0.612666 0.416045 0.594567 
0.868025 0.517173 0.523704 -0.825653 -0.669861 -1 -0.917289 -0.845756 -0.644007 -0.639245 -0.687896 -0.818429 -0.696427 -0.55386 -0.659443 -0.352068 -0.462877 -0.363689 -0.304527 -0.153942 -0.172299 -0.0189177 -0.108034 -0.146184 0.00308011 0.324648 0.252805 0.612666 0.416045 0.594567 
0.866727 0.491605 0.503067 -0.826203 -0.671445 -0.985341 -0.904137 -0.85858 -0.653693 -0.746791 -0.710091 -0.951589 -0.631483 -0.630794 -0.573443 -0.386669 -0.427973 -0.410268 -0.245849 -0.204387 -0.178332 -0.0149961 -0.0624006 -0.107072 -0.035114 0.31464 0.335438 0.638761 0.520304 0.579163 
0.864464 0.492554 0.500526 -0.833951 -0.670142 -1 -0.938989 -0.878482 -0.669221 -0.726075 -0.746335 -0.927372 -0.677384 -0.633061 -0.658484 -0.40175 -0.490495 -0.432182 -0.298489 -0.221192 -0.216647 -0.0608416 -0.121088 -0.155473 -0.0733342 0.290751 0.267266 0.616582 0.408519 0.569778 
0.863535 0.484841 0.489992 -0.833989 -0.669226 -1 -0.955455 -0.886243 -0.680097 -0.771914 -0.702314 -0.936802 -0.629457 -0.664712 -0.635937 -0.416493 -0.496256 -0.45664 -0.330915 -0.39153 -0.24468 -0.0873462 -0.12453 -0.155212 -0.10134 0.26957 0.285571 0.616927 0.394707 0.552971 
0.863248 0.485179 0.491379 -0.831281 -0.675806 -1 -0.947938 -0.897616 -0.673228 -0.774676 -0.784568 -0.960908 -0.656349 -0.660381 -0.643935 -0.417673 -0.496019 -0.456704 -0.278942 -0.192844 -0.223819 -0.0952178 -0.125392 -0.147699 -0.0262988 0.263144 0.270915 0.621254 0.356136 0.558808 
0.862191 0.482698 0.484313 -0.833638 -0.671608 -1 -0.973227 -0.918133 -0.690432 -0.78771 -0.816881 -0.989955 -0.664054 -0.676647 -0.676765 -0.429669 -0.532623 -0.478376 -0.287182 -0.203702 -0.253812 -0.115952 -0.15526 -0.172551 -0.0618533 0.2345 0.245629 0.604287 0.294557 0.543344 
0.862091 0.476142 0.485073 -0.839484 -0.670329 -1 -0.953457 -0.9003 -0.68603 -0.783961 -0.785294 -1 -0.664689 -0.685862 -0.657845 -0.434871 -0.508907 -0.477844 -0.294463 -0.266026 -0.246212 -0.0887908 -0.129791 -0.161665 -0.124277 0.268153 0.276907 0.619192 0.403503 0.553252 
0.860922 0.495569 0.497995 -0.8418 -0.693379 -1 -0.981828 -0.900632 -0.655479 -0.731381 -0.778201 -0.920378 -0.691579 -0.627776 -0.684004 -0.406083 -0.536874 -0.459382 -0.315654 -0.131054 -0.224719 -0.136339 -0.165701 -0.231674 0.0508133 0.290548 0.256143 0.613647 0.358562 0.567444 
0.859517 0.470976 0.482525 -0.841814 -0.680108 -1 -0.970334 -0.889596 -0.669826 -0.798674 -0.82159 -0.9737 -0.62545 -0.702399 -0.663293 -0.458882 -0.528366 -0.506997 -0.327319 -0.268434 -0.23667 -0.151661 -0.160493 -0.201139 -0.0806179 0.271209 0.268569 0.624803 0.424634 0.548714 
0.859517 0.470976 0.482525 -0.841814 -0.680108 -1 -0.970334 -0.889596 -0.669826 -0.798674 -0.82159 -0.9737 -0.62545 -0.702399 -0.663293 -0.458882 -0.528366 -0.506997 -0.327319 -0.268434 -0.23667 -0.151661 -0.160493 -0.201139 -0.0806179 0.271209 0.268569 0.624803 0.424634 0.548714 
0.734504 -0.104294 -0.283984 0.584196 0.605724 0.559298 0.590162 0.522995 0.428562 0.447351 0.396041 0.351108 0.318009 0.180408 0.267033 0.177726 0.0353794 0.0549397 -0.0302217 -0.219483 -0.19153 -0.228659 -0.221489 -0.310961 -0.402605 -0.49131 -0.463045 -0.592302 -0.525367 -0.609537 
0.734504 -0.104294 -0.283984 0.584196 0.605724 0.559298 0.590162 0.522995 0.428562 0.447351 0.396041 0.351108 0.318009 0.180408 0.267033 0.177726 0.0353794 0.0549397 -0.0302217 -0.219483 -0.19153 -0.228659 -0.221489 -0.310961 -0.402605 -0.49131 -0.463045 -0.592302 -0.525367 -0.609537 
0.735762 -0.0715981 -0.220055 0.573649 0.612716 0.577772 0.615681 0.55862 0.453666 0.443229 0.414356 0.342553 0.286891 0.228989 0.26097 0.171922 0.0167037 -0.0267696 -0.00134573 -0.152915 -0.207821 -0.27761 -0.236046 -0.337841 -0.372603 -0.516957 -0.507794 -0.638615 -0.579326 -0.64639 
0.731701 -0.0883015 -0.211202 0.580481 0.595166 0.573049 0.604948 0.541474 0.467947 0.459321 0.442226 0.377402 0.3149 0.255067 0.283572 0.1984 0.0572528 0.015667 0.0261274 -0.108511 -0.161042 -0.22577 -0.210133 -0.294459 -0.336036 -0.479352 -0.467519 -0.589232 -0.548501 -0.619528 
0.728993 -0.0994371 -0.2053 0.585036 0.583466 0.5699 0.597793 0.530044 0.477468 0.470049 0.460806 0.400634 0.333573 0.272451 0.298639 0.216052 0.0842856 0.0439581 0.0444428 -0.0789077 -0.129857 -0.191211 -0.192857 -0.265537 -0.311657 -0.454281 -0.440669 -0.55631 -0.527951 -0.601619 
0.726585 -0.0998136 -0.200406 0.56992 0.561492 0.566624 0.591446 0.568947 0.488639 0.475486 0.477522 0.436155 0.367825 0.293701 0.319056 0.233265 0.121261 0.0702525 0.0691765 -0.0472031 -0.0975308 -0.148139 -0.167056 -0.231427 -0.2859 -0.408363 -0.408237 -0.506778 -0.507249 -0.577354 
0.72734 -0.0801963 -0.162049 0.563591 0.565687 0.577708 0.606757 0.590322 0.503701 0.473013 0.488511 0.431023 0.349154 0.322849 0.315419 0.229783 0.110055 0.0212269 0.0865021 -0.00726277 -0.107305 -0.17751 -0.17579 -0.247555 -0.2679 -0.423751 -0.435086 -0.534566 -0.539625 -0.599466 
0.722341 -0.0841284 -0.151766 0.558955 0.549594 0.568212 0.599099 0.590544 0.504056 0.483238 0.51403 0.412121 0.369152 0.339641 0.32973 0.269295 0.145986 0.111544 0.0890783 -0.0134771 -0.0675175 -0.130604 -0.144771 -0.208194 -0.263065 -0.391097 -0.390374 -0.491175 -0.491939 -0.568985 
0.722575 -0.052484 -0.0997442 0.502444 0.523412 0.587546 0.612947 0.631859 0.53258 0.471128 0.545683 0.425684 0.421198 0.396933 0.342001 0.287945 0.175271 0.119571 0.106319 -0.0122642 -0.0678747 -0.125098 -0.123582 -0.167193 -0.271727 -0.345384 -0.393415 -0.466994 -0.509794 -0.553561 
0.717403 -0.0621606 -0.0959154 0.513813 0.509277 0.573798 0.602882 0.625029 0.53685 0.48848 0.565992 0.441301 0.426203 0.412494 0.362149 0.316519 0.210334 0.166636 0.133353 0.0315354 -0.016681 -0.0735306 -0.0956581 -0.122293 -0.226591 -0.314535 -0.347911 -0.421132 -0.466113 -0.523091 
0.712159 -0.0874447 -0.11716 0.571636 0.4919 0.569259 0.566186 0.618491 0.563056 0.528821 0.609211 0.547427 0.464678 0.434434 0.400787 0.344256 0.275275 0.229567 0.171211 0.1191 0.0637263 0.0234468 -0.0713429 -0.0821849 -0.168996 -0.268414 -0.279757 -0.338984 -0.422032 -0.495406 
0.707033 -0.101302 -0.13179 0.535915 0.465 0.5362 0.564693 0.591282 0.542204 0.527259 0.59431 0.53682 0.472636 0.424601 0.420024 0.364731 0.307133 0.263026 0.202841 0.147591 0.1076 0.0749838 -0.0265601 -0.0386113 -0.116292 -0.21213 -0.224445 -0.27715 -0.361633 -0.450797 
0.704147 -0.107482 -0.12293 0.440991 0.457614 0.491734 0.547808 0.595739 0.548379 0.475046 0.584658 0.467642 0.46975 0.471078 0.437081 0.411743 0.321838 0.275266 0.252626 0.167695 0.138913 0.0792079 0.0420789 0.0145036 -0.060361 -0.160121 -0.202987 -0.257776 -0.332892 -0.383068 
0.699985 -0.121641 -0.134447 0.451356 0.421868 0.476276 0.542484 0.579866 0.542172 0.508534 0.594767 0.531948 0.486451 0.456244 0.4359 0.403663 0.344305 0.29336 0.260647 0.214312 0.170557 0.137947 0.0415036 0.0293804 -0.0146082 -0.137652 -0.181801 -0.202646 -0.306953 -0.36206 
0.695559 -0.138885 -0.132223 0.39449 0.413118 0.469259 0.508047 0.572707 0.54603 0.533395 0.617968 0.551203 0.490902 0.50096 0.456193 0.446643 0.335069 0.368073 0.316279 0.294136 0.222122 0.163215 0.0970215 0.0815473 0.0182027 -0.0689139 -0.0804347 -0.174547 -0.256935 -0.303586 
0.691201 -0.14346 -0.132707 0.360276 0.374636 0.458562 0.482121 0.549115 0.533532 0.524422 0.620787 0.537312 0.515917 0.48194 0.454128 0.445808 0.463072 0.399238 0.347393 0.330751 0.249988 0.218223 0.127352 0.118534 0.0450455 -0.0303602 -0.0338538 -0.119581 -0.233283 -0.229945 
0.687015 -0.161981 -0.156608 0.334955 0.368285 0.414161 0.505557 0.527359 0.511276 0.530793 0.593132 0.533525 0.504166 0.484572 0.488255 0.480769 0.388166 0.423839 0.368995 0.34162 0.295244 0.249269 0.17166 0.15417 0.106042 0.0248924 0.0117524 -0.0714899 -0.15627 -0.229237 
0.682744 -0.173529 -0.1688 0.305188 0.345868 0.386613 0.438189 0.504685 0.493899 0.529491 0.579272 0.524686 0.510798 0.476378 0.504286 0.497832 0.414715 0.451722 0.395353 0.365362 0.331806 0.292296 0.208978 0.190481 0.149962 0.0717956 0.0578459 -0.0199614 -0.105937 -0.192063 
0.678226 -0.18816 -0.181292 0.280095 0.332668 0.346365 0.421049 0.496324 0.501756 0.498092 0.577147 0.507066 0.528465 0.499575 0.541601 0.541007 0.476325 0.479777 0.441455 0.396482 0.391878 0.350336 0.269644 0.245742 0.218275 0.127961 0.0957793 0.0447608 -0.0563874 -0.139842 
0.674201 -0.196624 -0.193185 0.245654 0.301034 0.331516 0.391618 0.459338 0.459145 0.526889 0.553475 0.507007 0.524062 0.45999 0.536348 0.531958 0.467812 0.507487 0.448068 0.412846 0.404928 0.378349 0.283616 0.263104 0.237801 0.165602 0.150033 0.0830955 -0.005272 -0.117714 
0.670142 -0.213038 -0.208194 0.240944 0.275864 0.280138 0.361262 0.447359 0.468612 0.452451 0.513877 0.48943 0.505151 0.504817 0.558662 0.549836 0.458768 0.504238 0.468861 0.415386 0.443884 0.382505 0.324326 0.297963 0.285184 0.185688 0.185336 0.122742 0.0116367 -0.0780331 
0.665345 -0.22144 -0.208892 0.189859 0.213321 0.213138 0.311722 0.398706 0.439051 0.43942 0.488625 0.480679 0.49012 0.502878 0.510673 0.522236 0.486149 0.474691 0.491511 0.456752 0.439896 0.391576 0.336496 0.314785 0.293649 0.213537 0.158613 0.142869 0.0161726 0.00176637 
0.662778 -0.234251 -0.229628 0.171444 0.214081 0.216125 0.300133 0.388243 0.421111 0.401817 0.45893 0.442898 0.479586 0.491747 0.533279 0.528905 0.473096 0.512948 0.488444 0.439034 0.464468 0.417642 0.363976 0.330239 0.343978 0.246034 0.243576 0.180275 0.107696 -0.014344 
0.658121 -0.242034 -0.23744 0.150066 0.170512 0.184362 0.264272 0.349336 0.385538 0.447965 0.435513 0.464843 0.477447 0.464575 0.534502 0.528922 0.455582 0.530744 0.505949 0.469003 0.486615 0.437131 0.379341 0.357908 0.351237 0.277184 0.280907 0.222497 0.109696 0.0305344 
0.65408 -0.255239 -0.253053 0.0602551 0.122289 0.152267 0.228582 0.313013 0.359637 0.396022 0.405288 0.408775 0.470032 0.473852 0.477475 0.50495 0.509353 0.546625 0.538241 0.47769 0.485289 0.489352 0.416405 0.381881 0.402426 0.328156 0.323719 0.262426 0.145711 0.0725179 
0.649514 -0.264128 -0.263271 0.0473399 0.099455 0.125327 0.198827 0.279647 0.316609 0.385252 0.386335 0.385346 0.461656 0.430867 0.489838 0.490319 0.50985 0.556368 0.529576 0.496963 0.501017 0.507668 0.429278 0.41117 0.420398 0.361032 0.356391 0.2977 0.182649 0.106486 
0.646062 -0.27479 -0.274837 0.0125549 0.0598085 0.0871249 0.15826 0.24188 0.295311 0.345202 0.346619 0.351482 0.43434 0.424806 0.460896 0.465343 0.502597 0.539856 0.530291 0.51025 0.498591 0.500593 0.434526 0.434583 0.446349 0.371339 0.372547 0.307463 0.196013 0.143774 
0.6416 -0.286034 -0.285611 -0.0253357 0.00990296 0.0429655 0.116872 0.205201 0.256339 0.293431 0.300706 0.321917 0.406788 0.42784 0.42677 0.428433 0.484777 0.533189 0.5312 0.505557 0.491955 0.507827 0.451748 0.437259 0.45429 0.397513 0.401776 0.337713 0.207264 0.181605 
0.637933 -0.294042 -0.279783 -0.0597458 -0.00765903 0.00997651 0.0865056 0.172001 0.223207 0.271783 0.277707 0.28978 0.379033 0.384618 0.412492 0.412434 0.485836 0.515361 0.505243 0.509134 0.483184 0.499678 0.446133 0.428182 0.463877 0.408434 0.405323 0.35367 0.242965 0.20684 
0.634403 -0.302107 -0.301437 -0.068021 -0.0371015 -0.013497 0.0548982 0.125946 0.184903 0.228311 0.247227 0.252463 0.379005 0.381335 0.403418 0.400193 0.462291 0.482675 0.503573 0.509351 0.48375 0.524847 0.468219 0.446316 0.474275 0.418588 0.437983 0.357972 0.272361 0.343743 
0.630042 -0.311699 -0.304831 -0.149039 -0.064188 -0.0536542 0.0195397 0.106465 0.149143 0.199184 0.212626 0.22561 0.31047 0.340218 0.358274 0.359078 0.428166 0.479933 0.463419 0.495632 0.454903 0.490902 0.4481 0.469794 0.474477 0.424973 0.419933 0.399818 0.30049 0.262327 
0.626606 -0.322713 -0.323878 -0.192126 -0.0995304 -0.0830182 -0.0198167 0.066699 0.115626 0.149965 0.18047 0.259251 0.292541 0.333288 0.318922 0.329765 0.412543 0.470104 0.466109 0.487382 0.437059 0.5045 0.45699 0.445934 0.487098 0.45447 0.445822 0.418278 0.319217 0.284064 
0.62272 -0.33065 -0.326374 -0.185849 -0.135287 -0.120886 -0.0526743 0.0185867 0.0844234 0.11667 0.143002 0.156622 0.288294 0.326946 0.32448 0.321449 0.413281 0.436814 0.463879 0.508552 0.456082 0.514787 0.479512 0.48149 0.506723 0.456953 0.476108 0.419242 0.343066 0.437247 
0.619496 -0.337876 -0.325761 -0.241833 -0.160517 -0.151235 -0.0830325 0.00836361 0.0571585 0.0882619 0.120394 0.217895 0.243954 0.300811 0.282642 0.285095 0.385817 0.444038 0.44131 0.485814 0.424812 0.493921 0.462876 0.481894 0.490055 0.473283 0.470537 0.458343 0.350138 0.345577 
0.614899 -0.347549 -0.335602 -0.29466 -0.196758 -0.191666 -0.114329 -0.0204901 0.0127254 0.0500672 0.0773837 0.112129 0.200337 0.286859 0.255733 0.251326 0.360726 0.433318 0.419746 0.481194 0.419142 0.491675 0.474371 0.495944 0.501171 0.486902 0.480754 0.491638 0.381392 0.379193 
0.611778 -0.350054 -0.342835 -0.307243 -0.219771 -0.214617 -0.141567 -0.0565535 -0.0179979 0.0043496 0.174896 0.0699138 0.165702 0.24905 0.224744 0.235881 0.335564 0.392405 0.400871 0.460828 0.407303 0.485148 0.482573 0.477903 0.494342 0.481309 0.483366 0.477048 0.390731 0.389579 
0.60783 -0.357879 -0.343517 -0.328449 -0.249005 -0.225954 -0.185517 -0.139542 -0.0498843 -0.0407446 0.0634742 0.0315528 0.139469 0.174244 0.182995 0.210579 0.318042 0.319979 0.40717 0.443117 0.368713 0.466411 0.481427 0.45576 0.492213 0.507245 0.489153 0.47952 0.394066 0.411834 
0.603553 -0.387134 -0.35658 -0.355043 -0.284208 -0.203232 -0.230002 -0.147827 -0.0952088 -0.075193 -0.0380606 -0.0181392 0.0880015 0.192495 0.177329 0.180508 0.28707 0.332679 0.345349 0.450359 0.380293 0.463288 0.437745 0.487498 0.499881 0.477037 0.485378 0.503543 0.422799 0.444449 
0.600272 -0.365655 -0.362587 -0.370564 -0.297003 -0.297452 -0.2464 -0.174611 -0.119162 -0.123175 -0.0655651 -0.056251 0.0514563 0.125512 0.131678 0.158706 0.254886 0.274636 0.326034 0.404111 0.35022 0.421363 0.440392 0.442926 0.480801 0.462085 0.472698 0.472305 0.419841 0.439522 
0.595722 -0.373551 -0.368522 -0.400194 -0.325478 -0.329724 -0.289051 -0.217253 -0.155882 -0.162475 -0.0990015 -0.0981455 0.00992776 0.080963 0.100623 0.122701 0.226262 0.237036 0.295017 0.386665 0.324003 0.385366 0.40407 0.437649 0.478602 0.454862 0.462974 0.483733 0.429909 0.462431 
0.592502 -0.371934 -0.374047 -0.415304 -0.339666 -0.349442 -0.306692 -0.221128 -0.180428 -0.17878 -0.128574 -0.122301 -0.0513868 -0.000150571 0.0745761 0.101587 0.199174 0.238294 0.267552 0.367625 0.320051 0.355212 0.399053 0.416609 0.464596 0.455689 0.448467 0.487146 0.421226 0.464035 
0.589222 -0.375875 -0.380444 -0.415023 -0.345388 -0.361974 -0.30997 -0.240694 -0.199169 -0.184833 -0.141849 -0.142299 -0.0449766 0.0480847 0.056124 0.0780565 0.175515 0.206163 0.245604 0.347154 0.304748 0.345955 0.37542 0.4074 0.44913 0.439727 0.446514 0.481204 0.423694 0.464234 
0.584889 -0.380947 -0.366318 -0.426941 -0.358852 -0.374386 -0.335886 -0.26799 -0.245706 -0.224936 -0.161375 -0.172588 -0.0818082 0.00427289 0.0186256 0.0439717 0.144193 0.175149 0.216553 0.317776 0.265798 0.309275 0.333888 0.379798 0.434725 0.437922 0.424678 0.472463 0.422702 0.467312 
0.581545 -0.382902 -0.375571 -0.42173 -0.3664 -0.371031 -0.341484 -0.291885 -0.25463 -0.252772 -0.148916 -0.198396 -0.1046 -0.0635506 -0.0335665 0.0136868 0.108335 0.104506 0.207506 0.263114 0.212072 0.274733 0.347392 0.324896 0.401791 0.421241 0.416067 0.444824 0.403871 0.453746 
0.57701 -0.387567 -0.387012 -0.446999 -0.395198 -0.41393 -0.378014 -0.312927 -0.296196 -0.30223 -0.22634 -0.251078 -0.157407 -0.0927898 -0.0643569 -0.017437 0.0704413 0.0773001 0.158824 0.23971 0.200976 0.247704 0.322771 0.317196 0.394943 0.394144 0.406194 0.440495 0.419336 0.470358 
0.57421 -0.386288 -0.380938 -0.449065 -0.392462 -0.42066 -0.380233 -0.317472 -0.317159 -0.302443 -0.238179 -0.256831 -0.182409 -0.0993866 -0.0811097 -0.0408096 0.049797 0.0965746 0.131367 0.22321 0.184519 0.204463 0.278071 0.298412 0.379547 0.393074 0.377918 0.442752 0.399083 0.46235 
0.570932 -0.394095 -0.380974 -0.472802 -0.417769 -0.444273 -0.414855 -0.350979 -0.351927 -0.332368 -0.25784 -0.289484 -0.207126 -0.126708 -0.0989951 -0.0617139 0.0335263 0.0567477 0.116227 0.209845 0.176251 0.20508 0.263316 0.30436 0.383211 0.397158 0.384775 0.453378 0.422399 0.485814 
0.567296 -0.387816 -0.388247 -0.447775 -0.415795 -0.456588 -0.416616 -0.369536 -0.330774 -0.349847 -0.282031 -0.325879 -0.241066 -0.189271 -0.151838 -0.0890011 -0.0129113 0.0097647 0.0881631 0.152831 0.130888 0.141596 0.272457 0.239529 0.337738 0.346804 0.368046 0.405624 0.370089 0.457573 
0.564188 -0.392003 -0.390161 -0.438226 -0.394812 -0.437574 -0.408741 -0.346867 -0.372644 -0.345466 -0.291658 -0.313589 -0.247142 -0.176619 -0.166938 -0.119785 -0.0416536 0.0111312 0.0473749 0.120994 0.102549 0.129103 0.196929 0.190658 0.305576 0.32445 0.323742 0.386105 0.372808 0.428469 
0.560037 -0.402418 -0.397783 -0.458234 -0.413393 -0.469755 -0.418524 -0.367305 -0.402696 -0.370027 -0.345713 -0.346174 -0.286765 -0.211348 -0.199009 -0.174657 -0.0870053 -0.0364597 -0.00594971 0.0759364 0.054039 0.0803672 0.15728 0.206362 0.288386 0.267984 0.313768 0.394844 0.390755 0.437448 
0.557141 -0.400643 -0.397929 -0.438211 -0.403038 -0.461673 -0.426893 -0.37322 -0.408996 -0.374999 -0.344762 -0.358024 -0.294997 -0.233299 -0.225058 -0.187457 -0.111113 -0.0637211 -0.0214836 0.0440651 0.0351869 0.054899 0.136953 0.168499 0.257433 0.252756 0.294895 0.35855 0.36884 0.413955 
0.552796 -0.39798 -0.398149 -0.408177 -0.387504 -0.449552 -0.439446 -0.382094 -0.418445 -0.382458 -0.343336 -0.375801 -0.307343 -0.266225 -0.264131 -0.206656 -0.147275 -0.104613 -0.0447845 -0.00374198 0.00690876 0.0166967 0.106462 0.111703 0.211003 0.229914 0.266586 0.30411 0.335969 0.378715 
0.549154 -0.400574 -0.403996 -0.421968 -0.398337 -0.462945 -0.451501 -0.390958 -0.455871 -0.41 -0.371877 -0.398727 -0.344241 -0.292466 -0.29568 -0.238248 -0.178829 -0.117034 -0.0786139 -0.0323302 -0.0204061 0.0160637 0.0752166 0.0864246 0.19462 0.221514 0.242478 0.301135 0.333395 0.377648 
0.546002 -0.405339 -0.398957 -0.397037 -0.386123 -0.446201 -0.480264 -0.386836 -0.463474 -0.402279 -0.375967 -0.402074 -0.353957 -0.309389 -0.3184 -0.271283 -0.213 -0.156438 -0.118488 -0.0745884 -0.0550215 -0.0121588 0.0503931 0.0514834 0.152887 0.168894 0.225877 0.266359 0.329327 0.354765 
0.542456 -0.404867 -0.409072 -0.379391 -0.376862 -0.435305 -0.429832 -0.388375 -0.455885 -0.408539 -0.383106 -0.415943 -0.363848 -0.323101 -0.3332 -0.266708 -0.234851 -0.17391 -0.137709 -0.0973943 -0.0703632 -0.0207758 0.020073 0.0288282 0.134399 0.158661 0.190767 0.241419 0.289564 0.335401 
0.539596 -0.408164 -0.400881 -0.360367 -0.375143 -0.44519 -0.419388 -0.40083 -0.453345 -0.407008 -0.389447 -0.434712 -0.37386 -0.340355 -0.366681 -0.287019 -0.271556 -0.214573 -0.16642 -0.129198 -0.0949559 -0.00537128 0.00376638 -0.00547523 0.0972295 0.153609 0.206834 0.20897 0.307252 0.327104 
0.535256 -0.406233 -0.406715 -0.330441 -0.33963 -0.393256 -0.424381 -0.380884 -0.438941 -0.400671 -0.386176 -0.412702 -0.384291 -0.347888 -0.357151 -0.317717 -0.278929 -0.217329 -0.191071 -0.165667 -0.121106 -0.0795459 -0.0595156 -0.0307606 0.069677 0.0896179 0.124487 0.177893 0.242955 0.271922 
0.532409 -0.411306 -0.416685 -0.315525 -0.344648 -0.393846 -0.397327 -0.3845 -0.455907 -0.406346 -0.39995 -0.441768 -0.39326 -0.369053 -0.389478 -0.309398 -0.318883 -0.259225 -0.226351 -0.19499 -0.145299 -0.076035 -0.0626423 -0.0575663 0.0440686 0.0643806 0.1132 0.151845 0.223818 0.272029 
0.529365 -0.40621 -0.406571 -0.292385 -0.315312 -0.356867 -0.396029 -0.360532 -0.412615 -0.392692 -0.379351 -0.404936 -0.401824 -0.368266 -0.361047 -0.334177 -0.29795 -0.237362 -0.223279 -0.18596 -0.151544 -0.138644 -0.0958365 -0.0678267 0.0334767 0.0459019 0.0802947 0.132875 0.198957 0.245126 
0.526202 -0.412095 -0.418961 -0.279734 -0.328968 -0.361207 -0.327176 -0.377288 -0.460996 -0.402441 -0.408085 -0.444135 -0.409595 -0.392224 -0.41246 -0.338546 -0.357222 -0.291762 -0.269484 -0.245289 -0.184778 -0.122648 -0.116821 -0.104743 -0.00522852 0.0129974 0.0637465 0.0968582 0.174178 0.228061 
0.522441 -0.405075 -0.414837 -0.252685 -0.277717 -0.339197 -0.343778 -0.354005 -0.421518 -0.390838 -0.38683 -0.409667 -0.404408 -0.388996 -0.391507 -0.360428 -0.339393 -0.281281 -0.257534 -0.240201 -0.195359 -0.154421 -0.128308 -0.120492 -0.020744 0.00179359 0.0228446 0.0677322 0.157178 0.193367 
0.519136 -0.407573 -0.418353 -0.230547 -0.269892 -0.313838 -0.340556 -0.371955 -0.40214 -0.398259 -0.401489 -0.428645 -0.429792 -0.405637 -0.415277 -0.387369 -0.377822 -0.308666 -0.299945 -0.302285 -0.220234 -0.180627 -0.159963 -0.154127 -0.055138 -0.0292963 -0.0275984 0.0451934 0.113396 0.147659 
0.516026 -0.408417 -0.418682 -0.210037 -0.258084 -0.293395 -0.324496 -0.365096 -0.388221 -0.396877 -0.398045 -0.424801 -0.446335 -0.422833 -0.415667 -0.398777 -0.387201 -0.319754 -0.320191 -0.312694 -0.236946 -0.223628 -0.180648 -0.173225 -0.0718154 -0.099663 -0.0512151 0.0210792 0.0911589 0.144457 
0.512602 -0.404159 -0.419697 -0.197382 -0.243015 -0.284955 -0.311593 -0.358229 -0.339979 -0.376696 -0.397945 -0.42771 -0.423897 -0.420206 -0.44148 -0.399298 -0.409389 -0.345424 -0.317573 -0.340659 -0.266219 -0.185029 -0.170377 -0.201792 -0.115478 -0.0559958 -0.0250752 -0.0279558 0.0530355 0.120993 
0.509319 -0.407535 -0.418113 -0.167121 -0.229362 -0.253189 -0.293303 -0.338035 -0.358265 -0.38496 -0.390114 -0.415701 -0.459014 -0.439599 -0.421771 -0.414802 -0.409523 -0.342055 -0.353625 -0.336107 -0.270963 -0.279123 -0.220498 -0.215903 -0.115472 -0.102156 -0.101252 -0.0298368 0.0400667 0.102998 
0.506148 -0.399127 -0.41106 -0.150159 -0.202657 -0.247306 -0.268926 -0.312281 -0.349945 -0.348414 -0.362415 -0.380857 -0.404255 -0.404478 -0.407234 -0.384884 -0.389267 -0.329587 -0.320705 -0.351279 -0.273697 -0.247026 -0.216738 -0.222784 -0.132419 -0.11263 -0.0913583 -0.0553592 0.0340455 0.0594214 
0.502937 -0.396959 -0.408075 -0.12892 -0.18142 -0.227771 -0.251135 -0.292672 -0.331372 -0.332459 -0.348427 -0.370234 -0.387085 -0.381425 -0.404199 -0.377792 -0.39222 -0.332256 -0.322352 -0.360198 -0.284391 -0.241675 -0.222235 -0.240026 -0.154975 -0.101707 -0.113516 -0.0649246 0.00638412 0.0219068 
0.499898 -0.396346 -0.412331 -0.113784 -0.175376 -0.209668 -0.237712 -0.306912 -0.28302 -0.331482 -0.363651 -0.379266 -0.410834 -0.433529 -0.428571 -0.396485 -0.422564 -0.366606 -0.349066 -0.375844 -0.317767 -0.340713 -0.23762 -0.268933 -0.190702 -0.16223 -0.127419 -0.116705 -0.0398326 0.0380587 
0.496561 -0.392986 -0.409814 -0.0907264 -0.151326 -0.181473 -0.216026 -0.300698 -0.248658 -0.320582 -0.342842 -0.371158 -0.400511 -0.428995 -0.421426 -0.390662 -0.426296 -0.372416 -0.358597 -0.384108 -0.332509 -0.255537 -0.22796 -0.287256 -0.213866 -0.180196 -0.158901 -0.12456 -0.0770896 0.0206792 
0.492855 -0.392051 -0.405409 -0.0673233 -0.136983 -0.176375 -0.200686 -0.25001 -0.294471 -0.304188 -0.330731 -0.34246 -0.388882 -0.409007 -0.407716 -0.391648 -0.412968 -0.358442 -0.35448 -0.400415 -0.332214 -0.31812 -0.280649 -0.298502 -0.216478 -0.201248 -0.168158 -0.157234 -0.0551222 -0.0387274 
0.489027 -0.390726 -0.401552 -0.0406596 -0.110631 -0.149951 -0.175462 -0.232958 -0.270275 -0.287209 -0.309608 -0.327449 -0.375155 -0.382479 -0.397202 -0.382815 -0.411198 -0.35907 -0.357536 -0.409216 -0.343875 -0.325375 -0.284434 -0.316391 -0.23821 -0.220348 -0.194411 -0.170792 -0.0871946 -0.0651295 
0.486662 -0.392288 -0.404576 -0.0302002 -0.108873 -0.141469 -0.171754 -0.228369 -0.260508 -0.289065 -0.319397 -0.330889 -0.387525 -0.406671 -0.414717 -0.377937 -0.432758 -0.380198 -0.379504 -0.426333 -0.366016 -0.349771 -0.30557 -0.338063 -0.260594 -0.246713 -0.209754 -0.204209 -0.102064 -0.0802557 
0.483285 -0.388739 -0.395766 -0.000664005 -0.0711043 -0.110315 -0.137626 -0.207381 -0.23398 -0.261742 -0.277923 -0.304932 -0.354565 -0.342687 -0.381431 -0.369566 -0.408545 -0.360013 -0.362119 -0.422418 -0.361366 -0.336258 -0.290112 -0.343224 -0.270809 -0.248998 -0.233792 -0.191128 -0.135303 -0.104733 
0.480453 -0.380986 -0.390445 0.0233763 -0.0486675 -0.0861663 -0.115262 -0.191437 -0.234314 -0.246853 -0.260312 -0.286743 -0.339157 -0.36436 -0.35929 -0.354818 -0.397681 -0.350468 -0.356805 -0.416673 -0.362796 -0.349947 -0.31439 -0.350981 -0.279694 -0.256382 -0.253105 -0.186175 -0.154842 -0.144465 
0.477274 -0.37592 -0.387593 0.0416818 -0.0324116 -0.0817147 -0.0972523 -0.158971 -0.229146 -0.225323 -0.250732 -0.268909 -0.328899 -0.349357 -0.359867 -0.351001 -0.39258 -0.347845 -0.34975 -0.434763 -0.368239 -0.368843 -0.328455 -0.364499 -0.294397 -0.275709 -0.253539 -0.222332 -0.162432 -0.160292 
0.474069 -0.37524 -0.384448 0.0639853 -0.0102431 -0.0590774 -0.0761657 -0.145561 -0.207563 -0.160075 -0.232808 -0.25684 -0.317572 -0.325215 -0.351267 -0.343795 -0.391626 -0.348897 -0.352995 -0.44219 -0.378459 -0.374069 -0.330328 -0.379748 -0.313013 -0.29183 -0.276377 -0.233286 -0.190212 -0.181831 
0.471326 -0.369187 -0.38223 0.0556762 0.00261487 -0.0565804 -0.0605063 -0.122327 -0.157076 -0.180209 -0.223854 -0.236048 -0.285439 -0.317048 -0.326301 -0.315239 -0.349908 -0.342714 -0.314824 -0.418599 -0.354158 -0.344414 -0.290361 -0.35367 -0.299806 -0.272068 -0.228879 -0.253624 -0.188313 -0.142178 
0.467844 -0.369389 -0.382829 0.0779094 0.0397073 -0.0325428 -0.0405972 -0.113972 -0.132919 -0.178303 -0.215735 -0.212849 -0.283248 -0.291098 -0.314112 -0.312773 -0.371692 -0.379159 -0.334218 -0.45222 -0.37666 -0.387478 -0.35865 -0.397636 -0.345126 -0.304267 -0.288539 -0.239741 -0.25113 -0.199225 
0.46504 -0.369614 -0.373431 0.111109 0.0523744 0.00119345 -0.0205547 -0.0916614 -0.114401 -0.156054 -0.171452 -0.205631 -0.259313 -0.257014 -0.304415 -0.298747 -0.344567 -0.326804 -0.321632 -0.415496 -0.371433 -0.342641 -0.305514 -0.377387 -0.329172 -0.304874 -0.291241 -0.245646 -0.240653 -0.21388 
0.462063 -0.360044 -0.367799 0.121632 0.0714503 0.0121156 -0.00304444 -0.0554391 -0.0927534 -0.126344 -0.151168 -0.175458 -0.228754 -0.263566 -0.278305 -0.272731 -0.306161 -0.303158 -0.287308 -0.389757 -0.350159 -0.329484 -0.306698 -0.35723 -0.315923 -0.296286 -0.26653 -0.249452 -0.233912 -0.22328 
0.458618 -0.358851 -0.364328 0.145629 0.0951666 0.035897 0.0196571 -0.0400926 -0.0709764 -0.111063 -0.132157 -0.161948 -0.216401 -0.239691 -0.268842 -0.264782 -0.304569 -0.303723 -0.290058 -0.397679 -0.360654 -0.336014 -0.310105 -0.373329 -0.335482 -0.313476 -0.290159 -0.261654 -0.262777 -0.247041 
0.45648 -0.357261 -0.367006 0.139972 0.0904728 0.0231847 0.0258367 -0.0108829 -0.111381 -0.112846 -0.158237 -0.156708 -0.217672 -0.258115 -0.258739 -0.280024 -0.301699 -0.323864 -0.303427 -0.43772 -0.365287 -0.41724 -0.367369 -0.389188 -0.339655 -0.325524 -0.28502 -0.313196 -0.240947 -0.260435 
0.452687 -0.346291 -0.357315 0.152492 0.14163 0.059241 0.0661948 0.0105335 -0.0374554 -0.0662871 -0.0998142 -0.111322 -0.172507 -0.210779 -0.217598 -0.247064 -0.261292 -0.29525 -0.258035 -0.397128 -0.35386 -0.360827 -0.338927 -0.381207 -0.348734 -0.318925 -0.291791 -0.278774 -0.2964 -0.254884 
0.449803 -0.346082 -0.352703 0.187136 0.151529 0.0776369 0.0717672 0.0352264 0.00162051 -0.0460044 -0.0784051 -0.101268 -0.155153 -0.19637 -0.224315 -0.218007 -0.245148 -0.271617 -0.240976 -0.371814 -0.341735 -0.315842 -0.30157 -0.361395 -0.340076 -0.322888 -0.27548 -0.291637 -0.286625 -0.275823 
0.447012 -0.342958 -0.353246 0.198551 0.161163 0.0979915 0.0889459 0.0366072 -0.0150549 -0.0635248 -0.0694296 -0.072415 -0.146655 -0.173815 -0.166975 -0.216998 -0.255237 -0.278271 -0.254547 -0.345177 -0.355891 -0.383939 -0.382437 -0.375163 -0.355573 -0.32101 -0.302227 -0.25504 -0.301512 -0.273782 
0.443336 -0.340166 -0.347954 0.227222 0.202898 0.117088 0.114226 0.0837307 0.0332336 -0.0188568 -0.0399008 -0.0488227 -0.125703 -0.16236 -0.179555 -0.209586 -0.224052 -0.269551 -0.238525 -0.372604 -0.357096 -0.363485 -0.381385 -0.388123 -0.366294 -0.35141 -0.323557 -0.288311 -0.334923 -0.320642 
0.440902 -0.334873 -0.346416 0.228932 0.227875 0.14301 0.137699 0.0840289 0.0884538 0.000269181 -0.0345601 -0.0550152 -0.104531 -0.119348 -0.169068 -0.186066 -0.210469 -0.27629 -0.203574 -0.352703 -0.356055 -0.327671 -0.325979 -0.373861 -0.35954 -0.342002 -0.27879 -0.322228 -0.336152 -0.287187 
0.437988 -0.333188 -0.336638 0.254191 0.213858 0.135093 0.134115 0.115941 0.0377321 0.00653314 -0.00335284 -0.0094385 -0.0868698 -0.13789 -0.135714 -0.164687 -0.189582 -0.224942 -0.224003 -0.329481 -0.327319 -0.34813 -0.3511 -0.365942 -0.356209 -0.336615 -0.316821 -0.27352 -0.333013 -0.34507 
0.433965 -0.326562 -0.333016 0.273827 0.240839 0.179041 0.164585 0.131462 0.121915 0.0329315 0.043005 0.00408899 -0.0533297 -0.072237 -0.109577 -0.140805 -0.163764 -0.20541 -0.191021 -0.291012 -0.318821 -0.314402 -0.361072 -0.357118 -0.370112 -0.338985 -0.326736 -0.281688 -0.35816 -0.331239 
0.431635 -0.325394 -0.322411 0.311418 0.253595 0.212058 0.18937 0.159739 0.0881834 0.0485419 0.0698675 0.012419 -0.0352428 -0.088136 -0.0915248 -0.137013 -0.143366 -0.152545 -0.180947 -0.254274 -0.329214 -0.298165 -0.301528 -0.334652 -0.339499 -0.336358 -0.304926 -0.29156 -0.320924 -0.353476 
0.428429 -0.319029 -0.322993 0.291013 0.234128 0.204644 0.183324 0.160318 0.168244 0.0662246 0.0874372 0.00759279 -0.00868491 -0.0129236 -0.087197 -0.0943562 -0.11515 -0.150232 -0.163756 -0.251912 -0.269865 -0.27075 -0.317042 -0.323234 -0.361512 -0.324409 -0.316019 -0.324095 -0.338507 -0.335121 
0.42543 -0.314744 -0.312837 0.324634 0.22829 0.223481 0.205069 0.168621 0.134306 0.0739794 0.0785763 0.0308659 0.00939861 -0.0221739 -0.0454919 -0.095636 -0.107295 -0.125789 -0.159316 -0.223643 -0.28218 -0.252862 -0.258922 -0.299316 -0.323769 -0.29738 -0.279519 -0.341856 -0.319057 -0.344719 
0.422785 -0.310798 -0.308226 0.322728 0.262365 0.225816 0.218899 0.190219 0.129233 0.0938446 0.0902962 0.0450467 0.0304541 -0.0211105 -0.0315257 -0.0845854 -0.0895193 -0.123747 -0.134901 -0.178803 -0.267005 -0.239314 -0.247046 -0.289221 -0.315112 -0.291334 -0.264493 -0.313606 -0.31299 -0.345852 
0.419514 -0.307398 -0.304133 0.335961 0.252394 0.234653 0.216473 0.214003 0.175742 0.108541 0.14835 0.0732332 0.0560369 0.0278584 -0.0141295 -0.0407517 -0.0576997 -0.0758833 -0.139553 -0.180041 -0.220236 -0.245159 -0.266566 -0.286266 -0.344704 -0.29975 -0.304792 -0.299444 -0.335323 -0.375835 
0.416886 -0.301067 -0.298769 0.330269 0.268212 0.234988 0.238585 0.210539 0.1566 0.124046 0.103915 0.0803916 0.0742521 0.0235731 0.0084737 -0.0496335 -0.0536215 -0.104549 -0.104204 -0.164511 -0.225532 -0.200079 -0.210724 -0.258933 -0.298853 -0.261318 -0.237537 -0.328304 -0.307701 -0.34077 
0.413663 -0.289497 -0.294853 0.341048 0.288628 0.257334 0.246889 0.260331 0.169292 0.145223 0.150292 0.104259 0.0922578 0.0136827 0.0199052 -0.0205866 -0.0296968 -0.0792493 -0.0842968 -0.133982 -0.191525 -0.228576 -0.240266 -0.256196 -0.324824 -0.278011 -0.286015 -0.284666 -0.334384 -0.372447 
0.411123 -0.299691 -0.290405 0.328313 0.261627 0.232734 0.2294 0.247945 0.200129 0.134931 0.175988 0.106078 0.0954985 0.089284 0.0235978 0.00366717 -0.0062277 -0.0324581 -0.096094 -0.138017 -0.167852 -0.184851 -0.216725 -0.246657 -0.309519 -0.261081 -0.270329 -0.294069 -0.309281 -0.348338 
0.408128 -0.28894 -0.282499 0.378326 0.30462 0.279925 0.281193 0.259846 0.195776 0.167192 0.172434 0.150121 0.138651 0.0783906 0.0853493 0.0052185 -0.0024253 -0.043526 -0.0720855 -0.088073 -0.192373 -0.172736 -0.185863 -0.231702 -0.294498 -0.247337 -0.236995 -0.292577 -0.327594 -0.370003 
0.405273 -0.284603 -0.280685 0.345353 0.31893 0.253832 0.272333 0.283866 0.212898 0.191986 0.190582 0.155776 0.164126 0.104104 0.0758133 0.035919 0.0317563 -0.0404831 -0.047699 -0.0814878 -0.125823 -0.157187 -0.186235 -0.21896 -0.303177 -0.243713 -0.234822 -0.276857 -0.316396 -0.369253 
0.402914 -0.28117 -0.274882 0.36653 0.321286 0.27362 0.289322 0.287378 0.209196 0.202824 0.194209 0.169292 0.166522 0.113899 0.0917403 0.0404535 0.030912 -0.017962 -0.0224881 -0.0657657 -0.129472 -0.158006 -0.164753 -0.20811 -0.286587 -0.228709 -0.250797 -0.290161 -0.318093 -0.366782 
0.399557 -0.276399 -0.269654 0.356299 0.312337 0.273802 0.286983 0.3072 0.20742 0.201156 0.197673 0.171227 0.162862 0.121072 0.0959228 0.050969 0.0455122 0.00220349 -0.00137037 -0.0519923 -0.116509 -0.140531 -0.147331 -0.190843 -0.264391 -0.210619 -0.24705 -0.289472 -0.302844 -0.341201 
0.396265 -0.269613 -0.268396 0.341029 0.311195 0.252825 0.28609 0.314139 0.216808 0.212412 0.205086 0.181686 0.185048 0.13992 0.112984 0.0697854 0.0653862 0.0109699 0.00544949 -0.0293803 -0.0845376 -0.117833 -0.134747 -0.170632 -0.240162 -0.210176 -0.213268 -0.255647 -0.284614 -0.320814 
0.393559 -0.263399 -0.251083 0.345589 0.315754 0.267776 0.29846 0.296995 0.220186 0.22587 0.213945 0.195 0.201757 0.157535 0.134721 0.0885059 0.0765075 0.0293558 0.0183686 -0.018096 -0.0773905 -0.11119 -0.111965 -0.154177 -0.222637 -0.180844 -0.20473 -0.243902 -0.278544 -0.322624 
0.391208 -0.258289 -0.254453 0.330562 0.298904 0.264861 0.296209 0.324597 0.221064 0.237613 0.220574 0.19675 0.158867 0.162368 0.118953 0.10223 0.090721 0.0514175 0.0540996 -0.0173523 -0.0383207 -0.108084 -0.108029 -0.13654 -0.227687 -0.166579 -0.235695 -0.227464 -0.277771 -0.319528 
0.387873 -0.261906 -0.254668 0.333381 0.320428 0.250906 0.299017 0.292362 0.241196 0.238801 0.232724 0.214531 0.22451 0.201346 0.150711 0.114204 0.116858 0.0543951 0.0489083 0.0158893 -0.0321531 -0.0575252 -0.0849057 -0.131024 -0.204977 -0.171507 -0.178805 -0.250273 -0.258572 -0.293317 
0.385149 -0.254147 -0.236286 0.344622 0.329129 0.268321 0.319457 0.320891 0.248309 0.264879 0.245317 0.235744 0.243616 0.225771 0.178619 0.138324 0.127531 0.0746717 0.0445978 0.0287928 -0.016969 -0.0565721 -0.0607773 -0.112055 -0.191531 -0.141753 -0.174224 -0.227362 -0.258481 -0.308774 
0.382396 -0.24508 -0.243321 0.31781 0.314039 0.261253 0.305567 0.338144 0.231957 0.257104 0.240341 0.221291 0.232438 0.207831 0.164228 0.144189 0.133908 0.0885186 0.0896731 0.0328966 -0.000645841 -0.0614685 -0.0554828 -0.0957887 -0.163719 -0.127645 -0.186231 -0.218633 -0.237819 -0.273032 
0.379527 -0.236742 -0.238611 0.314178 0.307457 0.259009 0.312167 0.311421 0.236671 0.260439 0.243548 0.233563 0.25461 0.222989 0.199191 0.160585 0.144901 0.100332 0.0796537 0.0534085 0.000731882 -0.0409662 -0.0327832 -0.0732778 -0.126712 -0.109047 -0.135631 -0.174512 -0.21922 -0.256387 
0.376811 -0.221318 -0.243017 0.304366 0.319753 0.285045 0.309163 0.311107 0.252267 0.285125 0.260999 0.241782 0.262736 0.251023 0.217573 0.149054 0.171415 0.138258 0.127121 0.0739919 0.0261123 -0.0217129 0.0028817 -0.0383842 -0.0913223 -0.0888066 -0.115808 -0.173524 -0.223063 -0.238332 
0.37403 -0.227713 -0.234006 0.289743 0.289201 0.244645 0.303008 0.318853 0.234401 0.257204 0.24716 0.237408 0.251252 0.23606 0.202482 0.178779 0.162003 0.127201 0.111813 0.0828375 0.0270467 -0.00841648 -0.00762939 -0.0416267 -0.0881384 -0.0986705 -0.116643 -0.153494 -0.189972 -0.218686 
0.371053 -0.217557 -0.217226 0.279712 0.254528 0.26619 0.314024 0.305249 0.249019 0.271561 0.261131 0.246841 0.281142 0.245302 0.228328 0.206419 0.183996 0.161141 0.109753 0.0784657 0.0433696 0.000469866 0.0166931 -0.0068697 -0.0675308 -0.0321693 -0.101462 -0.126281 -0.182538 -0.2154 
0.368754 -0.213918 -0.222985 0.273076 0.270803 0.239755 0.313573 0.310096 0.245628 0.279306 0.261643 0.256498 0.278813 0.262549 0.229607 0.169122 0.192596 0.165446 0.16115 0.108535 0.0666883 0.0156413 0.0298811 0.000297395 -0.0573897 -0.0675051 -0.0736835 -0.117699 -0.170486 -0.201263 
0.365845 -0.209015 -0.221805 0.262903 0.263259 0.231746 0.307812 0.302024 0.242603 0.270525 0.259941 0.258532 0.279077 0.26889 0.241709 0.193739 0.197216 0.173357 0.154699 0.128221 0.0674471 0.0378494 0.043589 0.016025 -0.0243411 -0.0625868 -0.0491148 -0.092934 -0.149572 -0.175625 
0.362729 -0.208976 -0.209211 0.244103 0.240912 0.254245 0.299151 0.327338 0.23369 0.262551 0.274943 0.249595 0.255352 0.267771 0.224531 0.235206 0.213704 0.200862 0.164963 0.117272 0.0815946 0.0464108 0.0556808 0.0321212 -0.0187305 -0.00894589 -0.0912086 -0.11614 -0.140798 -0.162492 
0.360015 -0.195755 -0.213863 0.232283 0.231604 0.214867 0.299839 0.312125 0.242345 0.280395 0.266357 0.266055 0.278549 0.283757 0.237387 0.247659 0.216676 0.206366 0.228873 0.150953 0.122703 0.0639331 0.0597972 0.0578545 0.00372549 -0.0441251 -0.0342615 -0.0665139 -0.127703 -0.15313 
0.35707 -0.194645 -0.20027 0.218688 0.22195 0.211506 0.285091 0.285892 0.237616 0.270478 0.265432 0.265935 0.275903 0.283359 0.247862 0.230074 0.231488 0.220697 0.180723 0.161587 0.117084 0.0907916 0.0817655 0.0652965 0.0345389 -0.010892 -0.0148102 -0.041483 -0.0987059 -0.13544 
0.354547 -0.182973 -0.208032 0.195341 0.219769 0.225801 0.242913 0.269818 0.23295 0.269925 0.265765 0.244853 0.243075 0.283182 0.232477 0.263941 0.248745 0.238729 0.160767 0.15626 0.13212 0.10912 0.0935739 0.0760991 0.0690955 0.0414716 -0.0282156 -0.0395959 -0.0891133 -0.116937 
0.351784 -0.186548 -0.194797 0.184445 0.204195 0.213353 0.25091 0.248888 0.234141 0.276001 0.271113 0.272398 0.275736 0.279285 0.260386 0.23842 0.275906 0.255559 0.184099 0.168221 0.13234 0.122412 0.12358 0.0664761 0.0715407 0.0390025 0.000219385 -0.0211391 -0.0796094 -0.0953388 
0.349311 -0.175694 -0.185351 0.165148 0.153802 0.201746 0.260095 0.228837 0.235222 0.265221 0.276037 0.264739 0.304896 0.299689 0.265357 0.262341 0.246166 0.244689 0.197448 0.147398 0.15598 0.114368 0.12638 0.100093 0.0665443 0.0662328 0.0122042 0.00625492 -0.0516577 -0.0779379 
0.34649 -0.175573 -0.188 0.164051 0.170818 0.180511 0.247323 0.268806 0.226311 0.264106 0.26641 0.259569 0.259152 0.294708 0.244511 0.28401 0.269926 0.265917 0.194796 0.190804 0.172696 0.146474 0.120573 0.114781 0.103028 0.0627731 0.0139092 0.016229 -0.0365368 -0.079868 
0.343907 -0.17309 -0.18341 0.152365 0.159986 0.181145 0.251009 0.261693 0.230135 0.270406 0.273669 0.277038 0.271142 0.305061 0.257091 0.284578 0.282896 0.291706 0.21976 0.211636 0.19154 0.170205 0.13903 0.139204 0.122859 0.0666501 0.0366468 0.0356934 -0.0224068 -0.0751631 
0.341119 -0.17064 -0.174645 0.143191 0.138184 0.150318 0.250263 0.268132 0.221885 0.260227 0.266839 0.26938 0.26987 0.302392 0.252534 0.297389 0.284046 0.284043 0.217482 0.213833 0.199747 0.171377 0.138573 0.140569 0.12565 0.0769741 0.0419923 0.0534455 -0.00148582 -0.0551553 
0.338722 -0.161908 -0.174961 0.11973 0.15285 0.174059 0.177798 0.224314 0.206015 0.235778 0.248859 0.254715 0.254386 0.281293 0.252242 0.270745 0.267344 0.283855 0.201574 0.179697 0.182211 0.18946 0.182699 0.152204 0.139875 0.0963895 0.0546749 0.0528828 0.010096 -0.0337837 
0.33573 -0.155887 -0.168827 0.108586 0.106902 0.164223 0.174818 0.205088 0.194648 0.2236 0.235044 0.243733 0.247056 0.267181 0.238363 0.264261 0.256964 0.28285 0.209197 0.191643 0.178396 0.177492 0.177861 0.14661 0.130157 0.113769 0.0556018 0.0547921 0.0172777 -0.00540023 
0.332601 -0.151649 -0.159106 0.0962607 0.11414 0.147764 0.16748 0.197909 0.187875 0.220401 0.23275 0.251648 0.253115 0.265892 0.250586 0.266783 0.272613 0.286726 0.209497 0.210458 0.192303 0.20355 0.183038 0.172277 0.155787 0.145823 0.0796808 0.0747698 0.0303447 0.0237485 
0.330666 -0.142702 -0.160507 0.0752092 0.0988591 0.143046 0.148092 0.165096 0.182593 0.209493 0.215839 0.234735 0.231408 0.258217 0.235602 0.24633 0.251475 0.275463 0.20297 0.185071 0.182859 0.19003 0.190144 0.167332 0.200949 0.125064 0.0795225 0.0750698 0.0336581 0.0176806 
0.327953 -0.147565 -0.144498 0.0809718 0.0778037 0.0963856 0.166238 0.20864 0.174124 0.203436 0.221367 0.238883 0.250994 0.261443 0.242991 0.288135 0.27453 0.273953 0.2057 0.214118 0.205982 0.205504 0.182276 0.174551 0.160438 0.16303 0.08859 0.104357 0.065213 0.0368863 
0.325099 -0.13648 -0.140786 0.0717141 0.0718596 0.102191 0.146042 0.200926 0.160506 0.177811 0.201495 0.231351 0.238202 0.261037 0.231529 0.277346 0.226 0.272643 0.223053 0.231982 0.217023 0.226021 0.180863 0.241631 0.174949 0.167143 0.117626 0.118365 0.084551 0.0630388 
0.322368 -0.131051 -0.141414 0.0453882 0.0507712 0.136562 0.125576 0.167495 0.151564 0.191265 0.179406 0.231498 0.20025 0.247841 0.240698 0.244863 0.256666 0.267855 0.215942 0.260318 0.211739 0.235202 0.176369 0.193955 0.185687 0.17281 0.128019 0.0892316 0.0758834 0.0785302 
0.319956 -0.127421 -0.128518 0.0124969 0.0871241 0.0801331 0.167781 0.159051 0.147041 0.164409 0.19702 0.227305 0.249131 0.268933 0.240944 0.276314 0.246515 0.251563 0.232934 0.239721 0.215439 0.227677 0.189194 0.201363 0.184476 0.158174 0.135306 0.131688 0.101092 0.0675484 
0.317172 -0.123104 -0.12562 0.0239109 0.0176043 0.0728974 0.131716 0.16635 0.136329 0.167588 0.17021 0.215374 0.203083 0.236751 0.221786 0.260395 0.258366 0.258073 0.210126 0.24147 0.224092 0.231964 0.186008 0.198756 0.184654 0.186168 0.134632 0.133402 0.10811 0.088027 
0.314631 -0.110881 -0.127642 0.0011593 0.013808 0.108617 0.105377 0.127426 0.124882 0.160654 0.147489 0.212467 0.173262 0.224739 0.215244 0.22055 0.245674 0.260259 0.216874 0.256044 0.222486 0.24765 0.189259 0.212618 0.196147 0.184387 0.156417 0.12318 0.101839 0.108983 
0.312035 -0.107634 -0.115291 -0.0273416 0.0353241 0.0435409 0.132976 0.116425 0.124883 0.147624 0.154403 0.209247 0.199726 0.243257 0.230863 0.248557 0.247706 0.23236 0.214397 0.234736 0.230889 0.244876 0.172098 0.227674 0.204118 0.183246 0.16611 0.156324 0.125964 0.129007 
0.309584 -0.108567 -0.107266 -0.0263473 0.00139459 0.0323189 0.131896 0.143035 0.111828 0.133992 0.148772 0.200769 0.200692 0.238576 0.216 0.266114 0.242707 0.236975 0.224189 0.259028 0.237973 0.24644 0.189702 0.216208 0.201868 0.193579 0.168007 0.167554 0.150558 0.114307 
0.306754 -0.0944425 -0.106474 -0.0539006 0.000790807 0.0191461 0.116034 0.0880073 0.110111 0.136433 0.125991 0.197208 0.166789 0.22614 0.224142 0.230051 0.248499 0.219557 0.202039 0.231413 0.241189 0.256342 0.213293 0.245214 0.217212 0.199961 0.186647 0.172748 0.142545 0.127036 
0.304372 -0.0971472 -0.104015 -0.0252252 0.0073678 0.06452 0.0569771 0.093934 0.100167 0.147127 0.128472 0.189634 0.165283 0.209715 0.239571 0.220772 0.229602 0.220368 0.187531 0.23072 0.224965 0.254462 0.194744 0.229651 0.225583 0.215596 0.179299 0.141881 0.142111 0.136604 
0.301393 -0.0824685 -0.100154 -0.0670041 -0.0492616 0.000141343 0.00435229 0.0520143 0.0848798 0.115875 0.108697 0.180138 0.150674 0.208437 0.1917 0.214964 0.236364 0.225337 0.207089 0.237504 0.254834 0.281546 0.212194 0.243902 0.232248 0.219652 0.196616 0.181858 0.166031 0.154866 
0.298939 -0.0821977 -0.0958749 -0.056991 -0.02716 -0.0193324 0.0473062 0.0497398 0.0773646 0.12209 0.0988734 0.16301 0.12146 0.183644 0.187416 0.198336 0.22716 0.226591 0.191795 0.217498 0.223838 0.249725 0.204791 0.23786 0.213315 0.208303 0.189181 0.194677 0.207895 0.144102 
0.295933 -0.0748707 -0.0920188 -0.0804314 -0.0555094 -0.0124771 0.0227284 0.0415488 0.0600125 0.10261 0.0767269 0.150158 0.12036 0.161223 0.157053 0.180453 0.212014 0.228256 0.195008 0.222635 0.216512 0.245302 0.216675 0.229789 0.210308 0.208826 0.197531 0.201843 0.168089 0.160263 
0.293861 -0.0725877 -0.0885996 -0.0885746 -0.0730404 0.0066461 0.0198976 0.0171202 0.0667838 0.0644695 0.0766812 0.147701 0.105807 0.184214 0.190289 0.196732 0.202812 0.194896 0.183091 0.220649 0.230649 0.259772 0.204643 0.238874 0.222939 0.222576 0.208105 0.192425 0.197457 0.170935 
0.291204 -0.0710333 -0.0820424 -0.0905963 -0.0647579 -0.0652611 -0.0121714 0.0243656 0.0434477 0.0945256 0.0614695 0.12765 0.112082 0.141982 0.143712 0.178035 0.200565 0.214517 0.1795 0.204636 0.201782 0.231289 0.222062 0.222574 0.209288 0.213542 0.196542 0.220338 0.1863 0.163996 
0.288157 -0.0652673 -0.0776773 -0.111291 -0.0922861 -0.049674 -0.0286166 0.00479383 0.0370991 0.0599535 0.0481542 0.118465 0.10269 0.142324 0.145436 0.177072 0.185956 0.1955 0.174277 0.206527 0.205869 0.237317 0.221974 0.223182 0.215062 0.222106 0.207897 0.218987 0.180037 0.180096 
0.286156 -0.0604165 -0.0730429 -0.10782 -0.103919 -0.0823555 -0.0509244 0.00663637 0.026692 0.0544691 0.0380137 0.110949 0.0999234 0.126406 0.125422 0.158905 0.183503 0.201838 0.176491 0.203183 0.203198 0.233159 0.196519 0.222585 0.209152 0.22136 0.211591 0.236138 0.177777 0.185383 
0.28358 -0.0554369 -0.0707692 -0.102125 -0.105971 -0.0682532 -0.0174211 -0.042141 0.0266933 0.0425645 0.0333817 0.103717 0.0721534 0.141408 0.143894 0.164409 0.181674 0.178329 0.166696 0.196505 0.212373 0.245335 0.202925 0.23757 0.226142 0.229119 0.220591 0.237574 0.238792 0.190603 
0.281334 -0.0555744 -0.0718414 -0.108679 -0.0998333 -0.0439571 -0.0294559 -0.039332 0.0149901 0.0185799 0.0365536 0.0957778 0.057901 0.115323 0.138739 0.143181 0.165102 0.162519 0.154351 0.183501 0.195769 0.230841 0.186571 0.215027 0.186941 0.204134 0.206036 0.202781 0.212252 0.184468 
0.278623 -0.0505357 -0.0614886 -0.12939 -0.127697 -0.0758508 -0.0353791 -0.0282577 0.00859593 0.00306372 0.00599812 0.0785119 0.0550565 0.102184 0.12401 0.140672 0.149951 0.171398 0.152493 0.186329 0.179014 0.211386 0.188967 0.217556 0.199843 0.224284 0.223081 0.246705 0.209203 0.201452 
0.275755 -0.0476513 -0.0585639 -0.126164 -0.125739 -0.0848773 -0.0382739 -0.0481541 -0.00822696 -0.0226259 -0.0011489 0.0598508 0.0455544 0.0904989 0.109308 0.125388 0.142764 0.150942 0.142375 0.178663 0.17073 0.207002 0.184802 0.214071 0.195662 0.226236 0.217056 0.245427 0.212249 0.199277 
0.273244 -0.0445341 -0.0559358 -0.133199 -0.12837 -0.0824783 -0.0350745 -0.0688225 -0.0113932 -0.0171724 -0.0119391 0.0576957 0.0304593 0.0748979 0.107896 0.1182 0.132046 0.143637 0.136795 0.16812 0.159232 0.200739 0.189616 0.207234 0.186937 0.213528 0.216434 0.242416 0.220607 0.19739 
0.271057 -0.0430713 -0.0512102 -0.136629 -0.137995 -0.104235 -0.0423617 -0.0517363 -0.029151 -0.0438832 -0.0221651 0.0353126 0.0388471 0.0746637 0.088008 0.106488 0.129745 0.130423 0.121968 0.166874 0.157091 0.182249 0.188465 0.206205 0.188773 0.214816 0.214295 0.243854 0.204047 0.205108 
0.268366 -0.0391838 -0.047664 -0.145393 -0.144161 -0.101978 -0.0611039 -0.0770222 -0.030565 -0.0362514 -0.0250202 0.0368082 0.0173741 0.0432394 0.0862417 0.09772 0.111328 0.135316 0.12467 0.15601 0.136474 0.179318 0.171696 0.193105 0.174478 0.208078 0.216677 0.250183 0.209772 0.205927 
0.265978 -0.0358152 -0.0431652 -0.150359 -0.160385 -0.139209 -0.0997525 -0.0823999 -0.0512787 -0.062782 -0.0407122 0.010581 0.0215056 0.0298562 0.0643703 0.0820803 0.110383 0.141734 0.115233 0.153446 0.132726 0.160613 0.171556 0.205861 0.174104 0.221957 0.226542 0.273497 0.213875 0.222939 
0.263519 -0.0336015 -0.0401395 -0.147807 -0.155499 -0.142544 -0.130964 -0.0992169 -0.0509808 -0.0442993 -0.0544316 0.0177203 0.0069238 0.017451 0.0632907 0.0789626 0.0979364 0.124263 0.112968 0.142653 0.120891 0.165613 0.153158 0.229651 0.170832 0.202174 0.214962 0.256164 0.21093 0.212468 
0.261024 -0.0307539 -0.0366094 -0.158378 -0.162017 -0.136578 -0.116718 -0.10766 -0.0562173 -0.0492554 -0.0569899 0.0115298 -0.00580426 -0.000589276 0.0586312 0.0698647 0.0844309 0.119309 0.075831 0.134404 0.10657 0.154485 0.15271 0.202453 0.15958 0.193641 0.21542 0.256625 0.208981 0.213842 
0.258444 -0.027814 -0.0340956 -0.152177 -0.166309 -0.157093 -0.115521 -0.11633 -0.0834771 -0.0619367 -0.0619069 -0.0221823 -0.00412201 -0.00709417 0.0319774 0.0501094 0.0856199 0.113513 0.0946438 0.12598 0.110303 0.149802 0.159638 0.16881 0.152866 0.204179 0.212786 0.262102 0.209098 0.222864 
0.255952 -0.026137 -0.0298611 -0.155045 -0.165796 -0.156945 -0.0968214 -0.122695 -0.0887276 -0.0912462 -0.0825948 -0.0254791 -0.00928562 -0.0100696 0.0272882 0.0447781 0.0777307 0.0832888 0.0824431 0.123198 0.0989683 0.136476 0.152655 0.171811 0.159762 0.192707 0.206176 0.253314 0.205775 0.216124 
0.253601 -0.0233304 -0.0245746 -0.169474 -0.180829 -0.164208 -0.121579 -0.116726 -0.0942203 -0.0978669 -0.0791866 -0.0318955 -0.0182496 -0.0362337 0.0183888 0.0352344 0.0600914 0.0916195 0.0811459 0.118157 0.0798329 0.121481 0.133392 0.159135 0.146961 0.190682 0.21074 0.263712 0.191122 0.224851 
0.250962 -0.0202663 -0.0250235 -0.150836 -0.165373 -0.172351 -0.157245 -0.155767 -0.104645 -0.0816622 -0.0897561 -0.0368852 -0.0357888 -0.0441329 0.00930242 0.0256778 0.0566641 0.0772292 0.0786528 0.0968761 0.0835191 0.147594 0.133294 0.1679 0.135436 0.172545 0.192035 0.237171 0.202968 0.212342 
0.248457 -0.0187988 -0.0216136 -0.151975 -0.169697 -0.157353 -0.128607 -0.138077 -0.100495 -0.0745589 -0.103499 -0.0392113 -0.0352602 -0.0278025 0.019081 0.0294462 0.0541545 0.0682301 0.0580131 0.098212 0.0837256 0.12503 0.135631 0.161406 0.143873 0.162436 0.197994 0.224764 0.196017 0.204782 
0.246021 -0.0163486 -0.0176273 -0.166053 -0.180574 -0.184321 -0.118548 -0.150336 -0.131138 -0.143712 -0.120401 -0.0568637 -0.0304355 -0.0554648 -0.0124522 0.000560874 0.0548324 0.0306876 0.0443302 0.0974147 0.0717286 0.0915842 0.142152 0.145393 0.136842 0.151043 0.192552 0.227329 0.197367 0.220201 
0.24336 -0.0130078 -0.0194248 -0.158112 -0.175278 -0.181328 -0.143757 -0.164526 -0.141494 -0.110485 -0.102572 -0.0800325 -0.0511802 -0.0572285 -0.0121559 -0.0108275 0.0483059 -0.00811452 0.0332658 0.0762813 0.0802618 0.101934 0.132465 0.138645 0.114687 0.14222 0.182436 0.20683 0.19968 0.215409 
0.240987 -0.0111097 -0.00992665 -0.163727 -0.185044 -0.187844 -0.12649 -0.158651 -0.148833 -0.14047 -0.117522 -0.0923896 -0.0563259 -0.0574074 -0.0284178 -0.0165652 0.0342152 0.0165172 0.0247262 0.0698247 0.0650864 0.0905129 0.118108 0.128471 0.128314 0.136721 0.171794 0.214055 0.184334 0.214901 
0.238308 -0.00723765 -0.0104274 -0.167359 -0.177666 -0.19297 -0.14168 -0.174776 -0.158641 -0.129734 -0.102188 -0.109692 -0.0769139 -0.0688672 -0.0357571 -0.0305437 0.0213988 0.0155605 0.0216742 0.0448533 0.0630505 0.0943324 0.0949432 0.118281 0.0982768 0.120786 0.145866 0.196123 0.179605 0.212269 
0.235602 -0.00604318 -0.00982887 -0.157443 -0.183662 -0.193103 -0.150802 -0.170187 -0.164682 -0.134132 -0.131739 -0.116999 -0.0718335 -0.0657361 -0.0255351 -0.032168 0.025985 0.00754715 -0.00250441 0.0576466 0.065274 0.071933 0.108576 0.129527 0.11804 0.126105 0.168083 0.187972 0.182918 0.209309 
0.233437 -0.00325124 0.00162429 -0.160237 -0.19175 -0.193128 -0.138401 -0.171125 -0.175376 -0.135607 -0.113205 -0.145678 -0.0951616 -0.0603213 -0.052366 -0.0422543 0.00328933 -0.00473838 -0.00467989 0.0284395 0.0551232 0.0889059 0.0820411 0.103089 0.115521 0.115239 0.140657 0.194144 0.164785 0.206952 
0.230765 -0.000870588 -0.000889258 -0.157273 -0.18325 -0.189764 -0.146625 -0.171828 -0.172161 -0.135907 -0.128358 -0.131767 -0.089393 -0.0676769 -0.0422315 -0.0430254 0.00514974 -0.00688344 -0.013455 0.0349837 0.0520694 0.0665913 0.0868665 0.10357 0.103058 0.110681 0.146247 0.176855 0.165076 0.199642 
0.228463 0.00253045 0.0064093 -0.164818 -0.162327 -0.180806 -0.105435 -0.172822 -0.161404 -0.158295 -0.120814 -0.110463 -0.0877941 -0.0721392 -0.0765283 -0.0591413 -0.0212444 -0.0384496 -0.0101726 0.0197265 0.02696 0.048064 0.0585376 0.0531609 0.0634248 0.106304 0.108375 0.159703 0.139828 0.188542 
0.226283 0.00322218 0.00200227 -0.156077 -0.190654 -0.184027 -0.149731 -0.184538 -0.182657 -0.135757 -0.119249 -0.158577 -0.102317 -0.0493095 -0.0842458 -0.0624676 -0.00910235 -0.0460048 -0.0298764 0.0111811 0.0755986 0.0318194 0.0780871 0.0818388 0.0865818 0.102645 0.127819 0.186308 0.1508 0.187376 
0.223509 0.0068883 0.0125202 -0.157019 -0.182632 -0.184755 -0.14036 -0.174288 -0.183378 -0.138571 -0.123288 -0.153919 -0.115732 -0.0705879 -0.0672761 -0.0593115 -0.0261032 -0.0285293 -0.0298809 0.000989334 0.0322626 0.0585787 0.0543023 0.0646351 0.0805851 0.0875453 0.113493 0.160181 0.138313 0.185141 
0.221014 0.00989355 0.0122359 -0.155351 -0.163252 -0.187146 -0.127047 -0.190512 -0.189765 -0.14169 -0.128539 -0.163863 -0.1225 -0.0807554 -0.08363 -0.0648999 -0.0434934 -0.0482436 -0.0349994 -0.0110659 0.0176425 0.0474077 0.0340443 0.0545999 0.0533338 0.0927299 0.0938233 0.151735 0.133773 0.182998 
0.21898 0.00914579 0.00916709 -0.14281 -0.159714 -0.179075 -0.147404 -0.18995 -0.192644 -0.125134 -0.119331 -0.156463 -0.105768 -0.105259 -0.0653329 -0.0668856 -0.0228529 -0.0583402 -0.0403703 -0.00400734 0.0288916 0.0508143 0.0728521 0.0707764 0.0697396 0.0694261 0.122391 0.136861 0.143075 0.18249 
0.216438 0.0128981 0.018554 -0.148341 -0.16851 -0.178342 -0.140828 -0.185162 -0.195668 -0.132107 -0.117871 -0.168737 -0.125557 -0.0931369 -0.0811369 -0.0736276 -0.0429048 -0.0594034 -0.0460301 -0.0224053 0.0183559 0.0491125 0.0458937 0.0449588 0.0605939 0.0627923 0.0991792 0.136184 0.125112 0.174849 
0.213776 0.016383 0.0216666 -0.145653 -0.169728 -0.176001 -0.140145 -0.168816 -0.182322 -0.140389 -0.126554 -0.165084 -0.133697 -0.0849632 -0.0874482 -0.0776072 -0.0484995 -0.0536435 -0.0544423 -0.0305117 0.00864358 0.0321722 0.0248809 0.035641 0.0605212 0.059244 0.0815807 0.126984 0.108465 0.164141 
0.211555 0.0198133 0.0223419 -0.146711 -0.153005 -0.183191 -0.127431 -0.17728 -0.188723 -0.142939 -0.130637 -0.170538 -0.129639 -0.0988959 -0.0870275 -0.0772039 -0.0717875 -0.066498 -0.0520896 -0.0360362 -0.00582532 0.0214254 0.00933905 0.0279023 0.0361749 0.0268207 0.0660489 0.11514 0.103292 0.157669 
0.208937 0.0217479 0.0292845 -0.143802 -0.162028 -0.172702 -0.134485 -0.170315 -0.18641 -0.142639 -0.135811 -0.176395 -0.147436 -0.0863041 -0.103007 -0.0988522 -0.0681389 -0.0690162 -0.0626794 -0.0493501 -0.00803965 0.0253866 -0.00238706 0.0100913 0.0378372 0.0521 0.056707 0.117717 0.0933412 0.154148 
0.206477 0.0238954 0.0270513 -0.135245 -0.148911 -0.169675 -0.136832 -0.165206 -0.177213 -0.142687 -0.14923 -0.169226 -0.142232 -0.0938705 -0.101783 -0.0893236 -0.0649097 -0.0743616 -0.0681191 -0.0489154 -0.015101 0.0112711 -0.00761582 0.0126639 0.0318116 0.0516056 0.0516038 0.106082 0.0901235 0.147987 
0.204082 0.0276896 0.0307577 -0.14229 -0.164189 -0.179726 -0.141472 -0.173472 -0.185984 -0.152371 -0.140748 -0.155543 -0.158569 -0.103427 -0.111735 -0.100404 -0.0844403 -0.08999 -0.0815729 -0.0687388 -0.0179959 -0.00214149 -0.0124621 0.00399302 0.0349359 0.0219989 0.0406289 0.0849001 0.0736662 0.142294 
0.201822 0.0324428 0.0359568 -0.137852 -0.176866 -0.187577 -0.141245 -0.157301 -0.163271 -0.15327 -0.136868 -0.181798 -0.156269 -0.112189 -0.133114 -0.113545 -0.0869138 -0.0942102 -0.0932586 -0.0781537 -0.0315693 -0.00568777 -0.0295669 0.00511547 0.041873 0.00958274 0.0223049 0.067876 0.0488892 0.130113 
0.199176 0.0306251 0.0353863 -0.128604 -0.150373 -0.162871 -0.139822 -0.160608 -0.180737 -0.143117 -0.131452 -0.18183 -0.160645 -0.106526 -0.117706 -0.105051 -0.082094 -0.0913147 -0.0912844 -0.0777633 -0.0267849 -0.00743741 -0.0192512 -0.00785016 0.0304255 0.0167919 0.0337124 0.0771902 0.0636933 0.132643 
0.196902 0.038314 0.0391848 -0.116649 -0.131255 -0.169431 -0.144792 -0.146422 -0.151283 -0.13813 -0.153035 -0.155752 -0.143654 -0.110279 -0.119061 -0.10166 -0.0968649 -0.0953801 -0.0926925 -0.0644906 -0.0539241 -0.0187009 -0.0374522 -0.0319362 0.00466017 0.0182189 0.0187528 0.0581884 0.0470465 0.103614 
0.194666 0.0440132 0.0441307 -0.121251 -0.127937 -0.17049 -0.137472 -0.160518 -0.146901 -0.133653 -0.172214 -0.144978 -0.147048 -0.106031 -0.135721 -0.105564 -0.116563 -0.0960888 -0.105106 -0.0628172 -0.0701684 -0.0316752 -0.0480682 -0.0602295 -0.0339864 0.0391462 0.01172 0.0423176 0.0388754 0.0881702 
0.192178 0.0421433 0.0457832 -0.118338 -0.148541 -0.170835 -0.139932 -0.155928 -0.165584 -0.140706 -0.147306 -0.177135 -0.163733 -0.120288 -0.138904 -0.12279 -0.10826 -0.102785 -0.110139 -0.0893739 -0.0627279 -0.0384582 -0.0422713 -0.0264566 -0.000994648 0.00431525 0.000791731 0.0360055 0.0261958 0.109866 
0.189615 0.0447419 0.046927 -0.119069 -0.14499 -0.169098 -0.152118 -0.147018 -0.162896 -0.150235 -0.155445 -0.150677 -0.171261 -0.121141 -0.132994 -0.12246 -0.116463 -0.118272 -0.116189 -0.100794 -0.0609358 -0.0418066 -0.05536 -0.0479286 0.00573167 -0.0227077 -0.00441337 0.0287723 0.0216301 0.0946633 
0.187134 0.0506478 0.0504135 -0.0966086 -0.116754 -0.160258 -0.156366 -0.125851 -0.126324 -0.134923 -0.167966 -0.145894 -0.152998 -0.117868 -0.140417 -0.117964 -0.113583 -0.114635 -0.119761 -0.0834602 -0.0859899 -0.0454518 -0.0686464 -0.0718285 -0.0163497 0.0124844 -0.012778 0.0202209 0.00954941 0.0675768 
0.184585 0.0486786 0.0517289 -0.108825 -0.128862 -0.160469 -0.142953 -0.141665 -0.159314 -0.143059 -0.141315 -0.175462 -0.161835 -0.127294 -0.12773 -0.125877 -0.120607 -0.114039 -0.114849 -0.101639 -0.0790017 -0.0537584 -0.0703534 -0.0489915 -0.0170202 -0.0155688 -0.020062 0.0193104 0.0127158 0.0890081 
0.182491 0.0505743 0.0498339 -0.112176 -0.127152 -0.154568 -0.149652 -0.126147 -0.141119 -0.15478 -0.118286 -0.166331 -0.135337 -0.115552 -0.111408 -0.120448 -0.11686 -0.119936 -0.10177 -0.0972903 -0.0727699 -0.0581599 -0.0856244 -0.0572193 -0.0217967 -0.0218312 -0.0335664 0.0165086 0.0124029 0.075518 
0.180316 0.0492333 0.0525628 -0.0932754 -0.114825 -0.139428 -0.164698 -0.113685 -0.151228 -0.14756 -0.134665 -0.179271 -0.175462 -0.120185 -0.128174 -0.131325 -0.100286 -0.122213 -0.123884 -0.113764 -0.0762418 -0.0467753 -0.0864456 -0.0628232 -0.00402578 -0.0188732 -0.0273212 0.0262693 0.0108983 0.0832775 
0.177713 0.0566941 0.0605227 -0.0890679 -0.106054 -0.145722 -0.137962 -0.153868 -0.169054 -0.121861 -0.162963 -0.170139 -0.174928 -0.132437 -0.14759 -0.136658 -0.140279 -0.115648 -0.135459 -0.106204 -0.109466 -0.0876139 -0.0613279 -0.0738146 -0.0652961 -0.00358598 -0.031478 -0.0118002 -0.00784431 0.0794963 
0.175099 0.0523168 0.0556047 -0.083391 -0.0923964 -0.111137 -0.129854 -0.105178 -0.130095 -0.12222 -0.130444 -0.165097 -0.108475 -0.122788 -0.113247 -0.115226 -0.10536 -0.107496 -0.105034 -0.101366 -0.077662 -0.0548805 -0.0734034 -0.0688286 -0.0239097 -0.0244878 -0.031508 0.0099085 0.00172988 0.0657814 
0.172997 0.05962 0.0612254 -0.0756226 -0.0838113 -0.114163 -0.126943 -0.0956786 -0.118183 -0.127763 -0.133551 -0.166205 -0.162775 -0.128955 -0.121771 -0.127396 -0.112691 -0.10348 -0.101692 -0.119358 -0.104454 -0.0806459 -0.103834 -0.0853898 -0.0525047 -0.0175147 -0.0573425 -0.00720174 -0.00786446 0.0675441 
0.170574 0.0550581 0.0604053 -0.0778786 -0.0833732 -0.115731 -0.0761135 -0.117134 -0.152928 -0.117059 -0.15783 -0.155287 -0.156571 -0.122979 -0.13277 -0.125419 -0.129959 -0.114777 -0.137752 -0.104298 -0.0957612 -0.0760734 -0.0712529 -0.0760597 -0.0492716 -0.0284909 -0.0255916 -0.00717763 -0.0152931 0.0623643 
0.168174 0.0548442 0.0605445 -0.0735154 -0.0700234 -0.0862637 -0.11117 -0.0910146 -0.124218 -0.102654 -0.120299 -0.167184 -0.115516 -0.133684 -0.0905995 -0.110343 -0.109996 -0.108479 -0.0938271 -0.0954226 -0.0738514 -0.0634018 -0.0752941 -0.0721505 -0.0301624 -0.0519064 -0.0389508 -0.00184465 -0.0102015 0.0513455 
0.165853 0.0640419 0.0630908 -0.0350205 -0.0602188 -0.0865783 -0.137462 -0.0756409 -0.0916405 -0.123513 -0.142236 -0.129678 -0.16158 -0.125132 -0.142826 -0.13585 -0.0953402 -0.0955092 -0.135566 -0.110069 -0.126882 -0.0805464 -0.121341 -0.110201 -0.0561178 -0.0100384 -0.0656264 -0.0211062 -0.0358805 0.0358333 
0.163459 0.0594668 0.0619461 -0.0454501 -0.0558721 -0.0802449 -0.0758136 -0.0701974 -0.106479 -0.118051 -0.145393 -0.13101 -0.148562 -0.118596 -0.129912 -0.124934 -0.102996 -0.102694 -0.137816 -0.106617 -0.106211 -0.0718329 -0.10726 -0.0978918 -0.0437647 -0.0323624 -0.0460807 -0.0127612 -0.0321148 0.0361664 
0.161144 0.0626392 0.0600139 -0.0383711 -0.0621787 -0.0740235 -0.121942 -0.0530255 -0.0723092 -0.125501 -0.110238 -0.123075 -0.139682 -0.112167 -0.11438 -0.122131 -0.0839012 -0.0855585 -0.108632 -0.104823 -0.102051 -0.0786532 -0.131522 -0.0976763 -0.0402157 -0.0378072 -0.0729516 -0.00708958 -0.0359063 0.0253468 
0.158568 0.0674085 0.0678799 -0.0231644 -0.0333375 -0.0546798 -0.105346 -0.0620385 -0.0754341 -0.0965698 -0.133616 -0.122426 -0.125612 -0.133232 -0.120281 -0.123261 -0.101166 -0.0872693 -0.117532 -0.0990636 -0.125448 -0.0905223 -0.11465 -0.115798 -0.0583192 -0.0298583 -0.0726042 -0.0379745 -0.0485403 0.016674 
0.156173 0.0628333 0.0667352 -0.0335941 -0.0289909 -0.0483464 -0.043697 -0.056595 -0.0902727 -0.0911074 -0.136773 -0.123758 -0.112594 -0.126696 -0.107367 -0.112345 -0.108822 -0.0944545 -0.119782 -0.0956118 -0.104777 -0.0818088 -0.10057 -0.103488 -0.0594467 -0.0521823 -0.0530584 -0.0296295 -0.0447747 0.0170072 
0.153902 0.0749435 0.0648536 -0.0214372 -0.0161922 -0.0516007 -0.0503236 -0.0533598 -0.0901242 -0.102597 -0.0799049 -0.107662 -0.0976487 -0.119837 -0.0986488 -0.107426 -0.121403 -0.070146 -0.125585 -0.0764635 -0.0867754 -0.0930566 -0.0998798 -0.10105 -0.0646256 -0.0816081 -0.0784817 -0.0418017 -0.0566414 0.044398 
0.151134 0.0731618 0.0617165 -0.0259124 -0.0226442 -0.0500133 -0.0431664 -0.0509955 -0.081665 -0.10051 -0.0853437 -0.10261 -0.0928766 -0.108848 -0.107072 -0.0906636 -0.119543 -0.0764503 -0.119171 -0.0868958 -0.096886 -0.083875 -0.0930122 -0.0992223 -0.0680316 -0.0579626 -0.0764177 -0.0456049 -0.0506248 -0.00240569 
0.148925 0.0643339 0.0634429 -0.0284407 -0.022666 -0.0148545 -0.0833552 -0.050143 -0.0616681 -0.0603623 -0.131227 -0.113287 -0.0939901 -0.103066 -0.114528 -0.0795906 -0.0985451 -0.0934724 -0.0932982 -0.0955134 -0.0941304 -0.0915309 -0.103068 -0.120412 -0.0779608 -0.064299 -0.0699109 -0.0481745 -0.0361183 -0.00417098 
0.146551 0.0784562 0.0586797 -0.0231854 -0.0159362 -0.034894 0.000163347 -0.0394239 -0.0721104 -0.091336 -0.09397 -0.0960115 -0.0836927 -0.108335 -0.106231 -0.0679063 -0.117753 -0.0903055 -0.112714 -0.0875392 -0.104063 -0.0685543 -0.068368 -0.100308 -0.0613648 -0.0429037 -0.0699646 -0.0516393 -0.0513374 -0.0620806 
0.144212 0.0731491 0.0623165 -0.00450404 0.00950383 -0.0242013 -0.0207867 -0.0355758 -0.0751096 -0.0774405 -0.0785036 -0.0762831 -0.0955446 -0.095952 -0.121413 -0.0721619 -0.112719 -0.0627042 -0.131543 -0.0738129 -0.0788069 -0.083284 -0.0974586 -0.103215 -0.0755854 -0.0846004 -0.0701899 -0.0510634 -0.0597267 -0.042263 
0.142045 0.0685608 0.0621496 -0.0119419 -0.00792023 -0.012272 -0.037547 -0.0386399 -0.0660113 -0.0720121 -0.0977547 -0.0943186 -0.0897797 -0.110162 -0.0987935 -0.0784323 -0.0989114 -0.0860375 -0.107242 -0.0857833 -0.104265 -0.072816 -0.0770423 -0.0992302 -0.0639456 -0.0515033 -0.0665783 -0.0532246 -0.0597812 -0.106603 
0.139393 0.0665242 0.068714 0.00913123 0.00704011 0.0104495 -0.072147 -0.0318356 -0.0584713 -0.0594468 -0.088227 -0.0917657 -0.0812776 -0.12331 -0.0762771 -0.0999545 -0.0858906 -0.0732867 -0.108399 -0.0634859 -0.0918866 -0.0888349 -0.0941048 -0.112082 -0.0611011 -0.0875239 -0.0704551 -0.0577221 -0.0759458 -0.0342447 
0.137196 0.0733626 0.0685882 0.00729316 0.0240423 0.0215766 -0.0698597 -0.0174235 -0.0483173 -0.0417744 -0.0940573 -0.0778311 -0.118228 -0.0788463 -0.0900044 -0.0677865 -0.0890757 -0.0499823 -0.10881 -0.0677774 -0.060471 -0.11811 -0.125519 -0.110588 -0.102185 -0.107577 -0.078449 -0.0693146 -0.0592168 -0.0686644 
0.134696 0.0679313 0.0685833 0.0141365 0.0188051 0.0289495 -0.0341599 -0.00305184 -0.0251398 -0.0544529 -0.10045 -0.080593 -0.0626461 -0.115905 -0.0818947 -0.0803039 -0.0805217 -0.0758643 -0.095756 -0.0815568 -0.112563 -0.0807624 -0.107413 -0.123274 -0.0699503 -0.0639566 -0.0779125 -0.0637594 -0.0751497 -0.0877619 
0.132104 0.0648056 0.0645428 0.0181866 0.0165156 0.0180774 -0.0585722 -0.0176678 -0.0390452 -0.0507014 -0.0777319 -0.0579938 -0.0681188 -0.0873383 -0.107284 -0.0614705 -0.085853 -0.0589647 -0.115653 -0.0656293 -0.086262 -0.0844774 -0.106819 -0.119559 -0.0803056 -0.0789528 -0.0709179 -0.0691236 -0.069955 -0.0516759 
0.12971 0.0816863 0.0695821 0.0296009 0.0370177 0.0229389 -0.00854201 -0.0069903 -0.0386909 -0.0628465 -0.0600136 -0.0586111 -0.0765582 -0.109161 -0.0848905 -0.0815009 -0.107862 -0.0559248 -0.12119 -0.0641674 -0.105421 -0.104248 -0.105433 -0.125174 -0.0903464 -0.0957843 -0.099786 -0.0861833 -0.0972302 -0.0624214 
0.127372 0.0648209 0.0621717 0.0109735 0.027241 0.0317951 -0.00575344 -0.0136845 -0.0366476 -0.0278664 -0.0827654 -0.0544227 -0.0982724 -0.074129 -0.1186 -0.035709 -0.0722957 -0.0557401 -0.0795229 -0.0814305 -0.0832112 -0.0897959 -0.106625 -0.129875 -0.10017 -0.0651022 -0.0616869 -0.0766132 -0.0591783 -0.0467087 
0.125124 0.0687626 0.0675145 0.0276615 0.0451302 0.0378999 -0.00588903 0.00644117 -0.024754 -0.0270162 -0.0558457 -0.0488473 -0.0620015 -0.0883887 -0.0775065 -0.0150205 -0.0679423 -0.0458761 -0.0488444 -0.0500103 -0.114649 -0.10077 -0.110782 -0.133688 -0.102784 -0.0834678 -0.0752996 -0.101773 -0.0600581 -0.089664 
0.122918 0.0621037 0.060892 0.0132987 0.0401668 0.0211888 -0.022745 -0.0158277 -0.0339674 -0.0202744 -0.0736552 -0.0501126 -0.113493 -0.0684002 -0.11758 -0.0386326 -0.0751469 -0.0554383 -0.0587829 -0.0895272 -0.101919 -0.0743121 -0.0916868 -0.115288 -0.0838627 -0.0729929 -0.0599409 -0.0786632 -0.0705716 -0.0417848 
0.120236 0.0659507 0.0649156 0.0284017 0.0438255 0.0511918 -0.0299916 0.000855879 -0.0430159 -0.0237499 -0.0512782 -0.0423834 -0.0935765 -0.0801609 -0.0824282 -0.0431396 -0.070604 -0.0386178 -0.0743634 -0.0599896 -0.0713694 -0.0885362 -0.100349 -0.10319 -0.0796625 -0.0834391 -0.0590356 -0.084105 -0.0790817 -0.0710363 
0.117886 0.0685128 0.0686985 0.033144 0.0497228 0.0115123 -0.00679205 0.0186393 -0.0338484 -0.0381715 -0.0463299 -0.0537432 -0.0986019 -0.0752889 -0.0575933 -0.0416851 -0.0609326 -0.0286285 -0.0775166 -0.0416877 -0.0676427 -0.0886564 -0.0954744 -0.104568 -0.0814404 -0.0982491 -0.0781708 -0.0823978 -0.0858767 -0.0933608 
0.115559 0.0615952 0.0627314 0.0312275 0.0416307 0.0082037 -0.0291623 0.0129112 -0.03315 -0.0230863 -0.0559998 -0.0321571 -0.110712 -0.0294789 -0.10062 -0.0327252 -0.0760721 -0.0185605 -0.101255 -0.0502368 -0.0625915 -0.0801705 -0.115332 -0.0873067 -0.073955 -0.104703 -0.0673729 -0.0656252 -0.0829577 -0.0788396 
0.113327 0.0663965 0.0666905 0.0462834 0.0508485 0.0565256 0.0467557 0.0404665 -0.00196961 -0.0280571 -0.0208716 -0.0171712 -0.0564622 -0.0336114 -0.028755 0.0135607 -0.0554986 -0.0249647 -0.0795149 -0.0453779 -0.0518721 -0.0433486 -0.114076 -0.126055 -0.103505 -0.0864109 -0.0650961 -0.0942025 -0.066175 -0.0896957 
0.110683 0.0657471 0.0650255 0.04146 0.0550945 0.0810663 0.0103272 0.0260983 -0.0043731 -0.00626609 -0.0134571 -0.0208278 -0.0230182 -0.0478448 -0.0529934 0.0256751 -0.0617239 -0.0279363 -0.0407302 -0.0387474 -0.0488188 -0.0836365 -0.115121 -0.108902 -0.094527 -0.0813966 -0.0550433 -0.101643 -0.0616139 -0.0844754 
0.108329 0.0652936 0.0672628 0.0514951 0.0820085 0.0911772 0.0407588 0.0213163 -0.0233803 -0.0109673 0.00789921 -0.0174567 -0.0737125 -0.0541588 -0.0312227 0.0129429 -0.0656967 -0.023061 -0.0527652 -0.0449147 -0.0629799 -0.0702158 -0.0984817 -0.103346 -0.0872434 -0.0755032 -0.0520418 -0.0950135 -0.0857731 -0.0684795 
0.105905 0.0618679 0.0645577 0.0501586 0.0723915 0.0388484 0.0184364 0.0368944 0.0024974 -0.0154037 -0.0056879 -0.00998755 -0.0818297 -0.0240635 -0.027055 0.00868811 -0.0602506 -0.0244618 -0.0449481 -0.0588723 -0.0830519 -0.0643206 -0.0891791 -0.101742 -0.0763267 -0.0995621 -0.0621861 -0.0976192 -0.0851639 -0.0814891 
0.10297 0.0629973 0.0630935 0.0506521 0.0560827 0.0538276 0.0268424 0.0228235 0.00443273 -0.0206202 -0.013528 -0.00708937 -0.0246853 -0.0325749 -0.013892 -0.0164338 -0.0469548 -0.0248691 -0.041807 -0.0569054 -0.0574961 -0.0497017 -0.0891225 -0.0983628 -0.0697314 -0.0721597 -0.0507927 -0.101608 -0.0780125 -0.0747899 
0.100905 0.0654222 0.0642144 0.0439891 0.057696 0.0976111 0.0342802 0.0354438 -0.00197873 -0.00645599 0.00825839 -0.0204034 -0.0261658 -0.0345058 -0.0275261 0.0243506 -0.0483029 -0.0210367 -0.0509535 -0.0416323 -0.0453471 -0.0658766 -0.0974818 -0.0887991 -0.083407 -0.0710369 -0.0409986 -0.0887744 -0.0742021 -0.0654346 
0.0986766 0.0618703 0.0601497 0.0515525 0.0708613 0.0737804 0.0183026 0.0679202 0.0125589 -0.0172863 -0.0230943 -0.0223315 -0.0386739 -0.00239941 -0.00582734 -0.00117915 -0.0473258 -0.0279653 -0.0296613 -0.0683279 -0.0524228 -0.0853215 -0.0846241 -0.0936146 -0.067946 -0.0601061 -0.0462889 -0.0985718 -0.0744141 -0.0604184 
0.096065 0.0607312 0.0606954 0.0535645 0.0595721 0.0520289 0.0135669 0.0110614 0.00870095 -0.0156623 -0.00863236 -0.000368177 -0.00350061 -0.0318839 -0.00398331 -0.0364302 -0.041259 -0.0248054 -0.0166684 -0.0645904 -0.0612455 -0.0539371 -0.0724868 -0.0799016 -0.0472157 -0.0626589 -0.041257 -0.106545 -0.0859041 -0.0648527 
0.0940395 0.0596871 0.0600079 0.0448666 0.0605684 0.0305069 0.0241489 0.0599191 0.0234162 -0.0127711 -0.0122939 -0.0607415 -0.0660449 0.00848933 -0.00228115 0.00790685 -0.0408089 -0.022227 -0.0396454 -0.0594922 -0.0748456 -0.0544704 -0.075414 -0.0799477 -0.0614124 -0.0927076 -0.0499035 -0.0685334 -0.0882676 -0.0725508 
0.0915128 0.0629925 0.061758 0.0498395 0.0621449 0.0749979 0.0448351 0.059986 0.00519309 -0.0132682 0.00720482 -0.0156518 -0.0492247 -0.0110159 0.00389006 -0.00281988 -0.0343512 -0.0189779 -0.0450582 -0.0503866 -0.052208 -0.0544939 -0.0766655 -0.067403 -0.0657164 -0.0488864 -0.0327781 -0.0920945 -0.0893203 -0.055168 
0.0889459 0.0594227 0.0579656 0.0503894 0.0524783 0.0470239 0.0169944 0.0248762 0.0212522 -0.0140827 -0.012596 -0.0308205 0.00597026 -0.0123522 0.010881 -0.036899 -0.029594 -0.0234645 -0.0134868 -0.0649624 -0.0563217 -0.048027 -0.0642277 -0.0668249 -0.0382671 -0.0585462 -0.0338875 -0.0890933 -0.0877663 -0.0594897 
0.086531 0.0597367 0.058652 0.0439666 0.0769295 0.0983569 0.0615685 0.0616614 0.00483515 0.0100836 0.0123371 0.00705 -0.0410184 0.0153551 0.00783657 0.0220268 -0.0437601 -0.0196478 -0.0205966 -0.0635391 -0.0475909 -0.0384441 -0.0653152 -0.059921 -0.0539282 -0.057308 -0.0313711 -0.0796886 -0.0920832 -0.0885442 
0.0842641 0.0551374 0.0580552 0.0666555 0.0843929 0.0422224 0.0476911 0.0876484 0.0429986 -0.00597399 0.0100671 0.000981287 -0.0492644 0.0463839 0.0333601 0.0410662 -0.0258392 -0.015758 -0.00332952 -0.073808 -0.072402 -0.0494326 -0.0577984 -0.0870646 -0.0480985 -0.0745687 -0.0495149 -0.103825 -0.0889939 -0.0634781 
0.0816885 0.0586512 0.0560456 0.0434086 0.0599577 0.0938219 0.060984 0.0687123 0.012767 0.00728571 0.00511657 0.00693211 -0.0376772 0.0116293 0.01255 0.0210211 -0.0358654 -0.0114895 -0.0311844 -0.0659272 -0.0423646 -0.0325191 -0.0508826 -0.0487555 -0.0422909 -0.0531459 -0.0287667 -0.0763012 -0.0934326 -0.0375389 
0.0791335 0.0610963 0.0591704 0.0386021 0.047823 0.0703032 0.0516028 0.0830668 0.0350727 0.000687022 0.0236692 0.0251771 0.0118686 -0.0343961 0.0189847 0.00309963 -0.0183465 -0.0135182 -0.0432672 -0.0602136 -0.0302613 -0.0172844 -0.0373231 -0.0145427 -0.0745933 -0.0634387 -0.0144546 -0.0754901 -0.0937778 -0.0436549 
0.0767811 0.0575232 0.0556425 0.0443673 0.0511955 0.0702654 0.066004 0.0700666 0.0205726 0.00232569 -0.00168325 0.00258234 -0.028602 -0.00279754 0.011675 0.0283218 -0.0212163 -0.0110673 -0.0214126 -0.0260739 -0.0561126 -0.0373154 -0.0529508 -0.0266491 -0.0388807 -0.0402211 -0.0193199 -0.0787682 -0.0986605 -0.0347209 
0.0743412 0.0536665 0.0513288 0.0444899 0.0379536 0.0424517 0.0194524 0.0135965 0.0227182 0.00858443 -0.00440029 -0.02614 0.0294183 -0.00371694 0.0204822 -0.0118643 -0.016076 -0.0162228 0.00797456 -0.0623532 -0.0503325 -0.0161348 -0.0311576 -0.0293984 -0.017537 -0.0489264 -0.0202021 -0.0837778 -0.0947578 -0.0455482 
0.0716914 0.0534372 0.0522791 0.0438434 0.0432278 0.0602495 0.045264 0.0307846 0.0148009 0.0180604 0.0177635 -0.0105648 0.0103447 -0.0113587 0.0210491 0.0237126 -0.018232 -0.0117791 -0.00750223 -0.0471274 -0.0522433 -0.00804651 -0.0259734 -0.00574251 -0.0739138 -0.0411452 -0.0164649 -0.0844232 -0.0991245 -0.0359332 
0.069313 0.0564583 0.0521606 0.0290163 0.0453756 0.0950046 0.0670779 0.0558098 0.0259223 0.0188431 0.00647639 0.0122865 -0.0184889 0.0107589 0.028841 0.0453448 -0.014003 -0.0128762 -0.03273 -0.0369569 -0.0370675 -0.0222821 -0.0446188 -0.0225395 -0.0283297 -0.0533281 -0.00786556 -0.0514239 -0.100913 -0.0313128 
0.0668012 0.0521945 0.0483877 0.0376496 0.0355129 0.0465605 0.0315337 0.0069466 0.0210208 0.0252415 0.00755768 -0.0152497 0.0361034 -0.0136216 0.0282271 0.00611721 -0.0127053 -0.0117477 0.00108854 -0.0575515 -0.0443032 0.000291726 -0.0133437 0.00512515 -0.00208182 -0.0473964 -0.0103956 -0.0802917 -0.0997264 -0.0378353 
0.0641443 0.0527025 0.0496975 0.0347616 0.028762 0.0558869 0.0375968 0.0520315 0.032266 0.0217743 0.0105764 0.0426454 0.0308578 0.00279236 0.0265459 0.0232209 -0.00295563 -0.00823854 0.00256001 -0.05913 -0.0307491 0.00817235 -0.0102549 -0.00333326 -0.0218826 -0.0516924 -0.00587095 -0.0682 -0.0995697 -0.0328637 
0.0617984 0.0542755 0.0473355 0.0265359 0.0302284 0.0754745 0.0536932 0.0689713 0.0403442 0.0140961 0.00979378 0.0380809 -0.0127746 0.0440627 0.0329901 0.0366931 0.00136806 -0.00308544 -0.0237131 -0.0399795 -0.0145472 0.0185428 -0.0172621 -0.0180517 -0.000369892 -0.0613136 -0.00252706 -0.0495035 -0.0994667 -0.0285883 
0.0592261 0.0511506 0.0461782 0.0255089 0.034674 0.0759241 0.0604512 0.0476288 0.0133454 0.039958 0.00573878 0.0178705 -0.0207706 0.0317192 0.0294157 0.0731337 -0.00578525 -0.00425878 -0.00859567 -0.0379138 -0.0307056 0.00428927 -0.0167226 -0.00391174 0.00288263 -0.0526467 -0.00362658 -0.0536673 -0.104915 -0.026622 
0.0568632 0.0470657 0.0443625 0.0392419 0.0373258 0.0315347 0.0487279 0.0327361 0.0486466 0.0290208 -0.00289244 -0.00449473 0.0211462 0.0353974 0.0543626 0.0500379 0.00898221 -0.0103956 0.0307497 -0.056159 -0.0480912 -0.0356788 -0.0112041 -0.0245962 0.0454902 -0.0622304 -0.0107248 -0.0677958 -0.101549 -0.0421632 
0.0542579 0.0491874 0.0436326 0.0287682 0.0164821 0.0714448 0.0404152 0.0395714 0.0505045 0.0215359 0.000641845 0.0143038 0.0122355 0.0578419 0.0355455 0.0386583 0.0116924 -0.00374828 0.0202495 -0.0414675 -0.0226982 0.0257403 0.0138732 -0.0166378 0.0166716 -0.0479967 0.00267238 -0.0457616 -0.102445 -0.021146 
0.0516399 0.0464022 0.0414731 0.0304733 0.0178742 0.0455008 0.0353258 0.0462895 -0.00100836 0.0484308 0.00786734 -0.00329379 0.0217045 0.0285997 0.0288267 0.059772 0.00577793 -0.000158771 0.0195736 -0.0576311 -0.0291842 0.027598 -0.0216083 0.0113925 0.0323807 -0.0454449 0.000888578 -0.0657716 -0.105948 -0.0238377 
0.0493196 0.0460457 0.0408968 0.0255547 0.0126268 0.0423509 0.0472717 -0.00138219 0.031728 0.0434415 0.00172536 -0.0114224 0.0569116 0.000751812 0.046976 0.0396257 0.0135465 -0.00800824 0.0282461 -0.0401506 -0.035996 0.0248602 0.00789095 0.0241971 0.030001 -0.0421763 0.00910515 -0.0561546 -0.107627 -0.0256363 
0.0467553 0.0454072 0.038698 0.0261953 0.00994939 0.0652131 0.0390526 0.0361262 0.0305399 0.0375298 -0.000983584 -0.0132597 0.0067436 0.0733263 0.036914 0.060589 0.0169325 0.00109958 0.0304577 -0.0405681 -0.0217593 0.0373956 0.00706116 -0.00780232 0.0492296 -0.0442482 0.0067281 -0.0443046 -0.106272 -0.0157304 
0.0441717 0.0437591 0.0364998 0.0218207 0.00894418 0.0360596 0.0327395 0.053891 0.0139361 0.052271 -0.000457852 0.0265302 0.0269533 0.0644882 0.0374932 0.0690416 0.0160579 0.00535714 0.0261148 -0.0550059 -0.0127667 0.0527881 -0.00406852 0.0144667 0.0524869 -0.0509385 0.00529889 -0.0542906 -0.106706 -0.0206174 
0.0416605 0.0401119 0.0354882 0.0290008 0.000170678 0.0342626 0.0165878 0.00547848 0.0280559 0.0534053 -0.00906287 -0.013713 0.0593416 0.058575 0.0378878 0.0534028 0.0201307 -0.000319045 0.0713009 -0.0575047 -0.0314808 0.0463575 0.0303473 0.0134809 0.0571834 -0.034073 0.00700458 -0.0572648 -0.108258 -0.0166769 
0.0390235 0.0356903 0.0329476 0.0281527 0.0194773 0.0418722 0.0843897 0.079617 0.0258384 0.0081292 0.0335389 0.0620509 -0.00438255 0.14525 0.053328 0.0784149 0.00853956 -0.0157118 0.0121628 -0.0530566 -0.00557179 0.0841693 0.0250337 0.010537 0.0385069 -0.0212448 0.0186495 -0.0429387 -0.105432 0.00445239 
0.0362811 0.0435389 0.0374611 0.0349461 0.0426036 0.0495226 0.0329865 0.0923343 0.0357039 0.0223712 0.0173836 0.0453893 -0.0215367 0.112884 0.0603356 0.0551473 0.0172689 -0.0172329 0.0289579 -0.0443552 -0.00911738 0.0297122 0.0344794 0.0151176 0.0602746 -0.0475849 0.00660608 -0.0375445 -0.126186 -0.0182043 
0.0332273 0.0410873 0.035443 0.0346318 0.0378229 0.0435131 0.0205426 0.0687651 0.0322409 0.0318121 0.0290516 0.037501 0.00183136 0.107747 0.0659601 0.0523818 0.0190595 -0.01766 0.0373041 -0.0569873 -0.00679579 0.0472736 0.0506659 0.0276615 0.0392547 -0.0481394 0.00831905 -0.0409375 -0.126464 -0.0189317 
0.0306883 0.0121424 0.0303996 0.0312084 0.0883828 0.0338152 0.0955223 0.0120519 0.0150496 0.0221603 -0.0892681 -0.0646077 -0.0310161 0.00617356 0.0575995 0.0966552 -0.0240609 -0.0251242 0.0429833 0.0340624 -0.118373 0.0272558 -0.00643571 0.035526 0.019929 0.0224108 -0.00569131 -0.0390381 -0.0861621 -0.0163896 
0.0285051 0.0128803 0.0252588 0.0561906 0.0293881 0.0550353 0.0883191 0.0100082 0.0124662 0.0132444 -0.0884897 -0.0525596 -0.0171312 0.0212542 0.0687912 0.113581 -0.032486 -0.0241738 0.0462693 0.0314961 -0.122315 0.036428 -0.0203938 0.0241466 0.0221852 0.0202111 -0.0207718 -0.0391856 -0.0909192 -0.0160688 
0.0256242 0.00395772 0.0213457 0.0616707 0.0125854 0.0603295 0.0785641 0.022143 0.0145575 0.0174157 -0.0553877 -0.0443977 0.0198277 0.0538381 0.0641517 0.117417 -0.0194454 -0.011922 0.0178025 0.0494856 -0.0943822 0.0672536 -0.0107643 0.051871 0.053909 0.00605604 -0.0681035 -0.0226455 -0.0961087 -0.0234507 
0.0229982 0.00288715 0.0210554 0.0216348 0.00349167 0.0623423 0.0654923 0.0337831 0.00466176 0.00195895 -0.039753 -0.0639295 0.00595595 0.050526 0.073752 0.109327 -0.0106201 -0.0232813 0.017467 0.0299463 -0.0857868 0.0643428 -0.0217982 0.0655035 0.0772243 -0.0209041 -0.0796889 -0.0212554 -0.0989692 -0.0133111 
0.0201715 0.00260482 0.0171414 0.0539675 0.0248108 0.0358363 0.0839177 0.0440728 -0.005479 -0.0300522 -0.0532914 -0.0742599 -0.0659931 0.00881802 0.0806985 0.11394 -0.0231316 -0.0409242 0.0280227 0.0223732 -0.0819022 0.0635322 -0.0416464 0.0634244 0.0431412 0.0384068 0.0582467 -0.0544652 -0.0876662 0.00560429 
0.0174606 0.00764535 0.0198326 0.0503437 0.0327036 0.0302574 0.108538 0.0223542 0.0138422 -0.0189063 -0.0544062 -0.0549497 -0.0273608 0.0303261 0.0828494 0.102975 -0.0118616 -0.0210026 0.0208775 0.0215191 -0.11631 0.0672284 -0.0275021 0.0837222 0.0422144 0.015795 -0.012658 -0.0439056 -0.110554 -0.00443278 
0.0145144 0.0117176 0.0258297 0.0469178 -0.0429378 0.0259531 0.107031 0.0146315 -0.000624535 -0.0327216 -0.0415293 -0.0700481 -0.0426296 0.0138822 0.0675335 0.0847141 -0.0206758 0.01543 0.00405405 0.00424613 -0.114445 0.0618422 -0.0431811 0.0468406 0.03425 -0.00978667 -0.0175788 -0.0578663 -0.110532 0.00364762 
0.011899 0.00675235 -0.000382582 0.0182818 -0.00192533 0.0394571 0.0594762 0.0730026 -0.0245438 -0.09929 -0.055902 -0.114301 -0.0476371 -0.0187919 0.050602 0.0525055 -0.00452723 -0.0498823 -0.017947 0.012094 -0.065813 0.0829351 -0.0493768 0.0164538 0.0517972 -0.00362544 0.034362 -0.0448068 -0.0334149 -0.0546446 
0.00873421 0.0114707 0.00376282 0.0145613 -0.00921857 0.0252133 0.0443357 0.0486153 -0.0253193 -0.109123 -0.0643409 -0.126661 -0.0656698 -0.0397922 0.0470719 0.0392145 -0.0152397 -0.0612652 -0.0348417 0.0105229 -0.0731317 0.0756464 -0.0538394 0.0165726 0.0490902 0.000821223 0.0357459 -0.0349049 -0.0230702 -0.0523109 
0.00591996 0.0149634 0.0137417 -0.018811 -0.018091 0.052456 0.0678566 0.0217282 -0.0471445 -0.0637732 -0.0647258 -0.115313 -0.0901709 -0.0220729 0.00539806 -0.00255327 -0.0655955 -0.0229853 0.00386469 0.0258569 -0.0764473 -0.0181834 -0.0585854 0.0172986 0.0319691 -0.029483 0.0517186 -0.00254414 -0.107712 0.0228723 
0.00270194 0.0158441 0.0107849 -0.0311674 -0.0152192 0.0306814 0.0796726 0.0202287 -0.0445621 -0.091475 -0.0645973 -0.123995 -0.117188 -0.0281432 0.0136665 -0.0113423 -0.0577351 -0.0279175 0.00771261 0.010069 -0.0871703 -0.0120648 -0.0660902 0.0445607 0.0257325 -0.0128021 0.0650576 -0.0113458 -0.116299 0.0369642 
