  110.4312
  110.4312
  110.4312
  110.4312
  110.4312
  110.4312
  110.4312
  110.4312
  110.4312
  110.4312
   20.2833
   20.2833
   20.2833
    2.4035
    2.4035
    2.4035
    2.4035
    2.4035
    2.4035
    2.4035
    2.4035
    2.4035
    2.4035
    2.4035
    2.4035
    2.4035
    2.4035
    2.4035
    2.4035
    2.4035
    2.4035
    2.4035
    2.4035
    2.4035
    2.4035
    2.4035
    1.9626
    1.9626
    1.9626
    1.9626
    1.9626
    1.9626
    1.9626
    0.0030
    0.0030
    0.0030
    0.0030
    0.0030
    0.0030
    0.0030
    0.0030
    0.0030
    0.0030
    0.0030
    0.0030
    0.0030
    0.0030
    0.0030
    0.0030
    0.0030
    0.0030
    0.0030
    0.0030
    0.0030
    0.0030
    0.0030
    0.0030
    0.0030
    0.0030
    0.0030
    0.0030
    0.0030
    0.0030
    0.0030
    0.0030
    0.0030
    0.0030
    0.0030
    0.0030
    0.0030
    0.0030
    0.0030
    0.0030
    0.0000
    0.0000
    0.0000
    0.0000
    0.0000
    0.0000
    0.0000
    0.0000
    0.0000
    0.0000
    0.0000
    0.0000
    0.0000
    0.0000
    0.0000
    0.0000
    0.0000
