-1951.3989
-2025.5250
-2633.1597
-2633.1597
-2633.1597
-2831.9607
-2998.7675
-2998.7675
-3715.3989
-4043.0852
-4043.0852
-4428.0719
-4428.0719
-4428.0719
-4428.0719
-4428.0719
-4665.2781
-5019.5509
-5019.5509
-5088.8157
-5369.6168
-5425.6197
-5674.7716
-5812.9119
-5812.9119
-5998.7615
-5998.7615
-6076.4359
-6076.4359
-6298.7438
-6298.7438
-6325.7263
-6353.9893
-6359.7822
-6419.0611
-6583.5678
-6583.5678
-6807.0948
-6807.0948
-6807.0948
-6807.0948
-6807.0948
-6807.0948
-6807.0948
-6907.2596
-6976.7207
-6976.7207
-6976.7207
-7130.9108
-7156.1721
-7156.1721
-7156.1721
-7156.1721
-7156.1721
-7156.1721
-7156.1721
-7156.2006
-7270.5585
-7270.5585
-7313.5990
-7313.5990
-7313.5990
-7394.7756
-7407.2294
-7493.9006
-7493.9006
-7526.2917
-7554.4601
-7624.3002
-7624.3002
-7734.7289
-7734.7289
-7817.4512
-7817.4512
-7817.4512
-7817.4512
-7860.4818
-7984.1215
-7984.1215
-7984.1215
-7984.1215
-7984.1215
-8001.8016
-8001.8016
-8001.8016
-8055.6667
-8055.6667
-8055.6667
-8055.6667
-8055.6667
-8055.6667
-8055.6667
-8055.6667
-8055.6667
-8055.6667
-8070.5358
-8165.0276
-8165.0276
-8165.0276
-8165.0276
-8165.0276
-8165.0276
-8165.0276
-8165.0276
-8193.2593
-8193.2593
-8193.2593
-8210.7321
-8210.7321
-8210.7321
-8219.7230
-8237.1153
-8302.6902
-8302.6902
-8302.6902
-8302.6902
-8302.6902
-8305.5771
-8305.5771
-8332.1443
-8332.1443
-8332.1443
-8396.1372
-8396.1372
-8396.1372
-8433.8253
-8433.8253
-8433.8253
-8433.8253
-8433.8253
-8433.8253
-8500.0605
-8500.0605
-8500.0605
-8576.5132
-8576.5132
-8576.5132
-8576.5132
-8604.4602
-8604.4602
-8604.4602
-8604.4602
-8604.4602
-8604.4602
-8604.4602
-8609.7994
-8609.7994
-8609.7994
-8609.7994
-8609.7994
-8830.4782
-8830.4782
-8830.4782
-8830.4782
-8847.3085
-8847.3085
-8847.3085
-8847.3085
-8848.0539
-8984.4399
-8984.4399
-8984.4399
-8984.4399
-8984.4399
-8984.4399
-8984.4399
-8984.4399
-8984.4399
-9082.3461
-9082.3461
-9082.3461
-9082.3461
-9082.3461
-9082.3461
-9082.3461
-9082.3461
-9082.3461
-9082.3461
-9082.3461
-9082.3461
-9082.3461
-9082.3461
-9082.3461
-9082.3461
-9089.3705
-9089.3705
-9094.7318
-9094.7318
-9094.7318
-9104.9012
-9104.9012
-9104.9012
-9117.3955
-9117.3955
-9120.6998
-9120.6998
-9120.6998
-9120.6998
-9120.6998
-9120.6998
-9120.6998
-9120.6998
-9120.6998
-9140.8590
-9148.7681
-9148.7681
-9148.7681
-9151.6863
-9151.6863
-9151.6863
-9197.6729
-9259.1201
-9259.1201
-9259.1201
-9259.1201
-9259.1201
-9259.1201
-9259.1201
-9259.1201
-9271.9545
-9271.9545
-9271.9545
-9271.9545
-9271.9545
-9271.9545
-9271.9545
-9271.9545
-9271.9545
-9271.9545
-9271.9545
-9271.9545
-9326.1687
-9326.1687
-9329.0950
-9329.0950
-9360.0604
-9360.0604
-9360.0604
-9360.0604
-9360.0604
-9360.0604
-9360.0604
-9409.9864
-9409.9864
-9409.9864
-9409.9864
-9409.9864
-9409.9864
-9409.9864
-9409.9864
-9409.9864
-9409.9864
-9409.9864
-9410.0013
-9410.0013
-9410.0013
-9410.0013
-9410.0013
-9410.0013
-9410.0013
-9410.0013
-9410.0013
-9410.0013
-9410.0013
-9410.0013
-9410.0013
-9419.0306
-9419.0306
-9419.0306
-9419.0306
-9419.0306
-9419.0306
-9523.1887
-9523.1887
-9549.8227
-9549.8227
-9549.8227
-9549.8227
-9549.8227
-9549.8227
-9549.8227
-9549.8227
-9549.8227
-9549.8227
-9549.8227
-9549.8227
-9549.8227
-9549.8227
-9549.8227
-9549.8227
-9549.8227
-9549.8227
-9549.8227
-9551.8623
-9551.8623
-9551.8623
-9551.8623
-9551.8623
-9553.2342
-9553.2342
-9553.2342
-9554.7858
-9554.7858
-9554.7858
-9554.7858
-9554.7858
-9554.7858
-9554.7858
-9554.7858
-9555.7008
-9555.7273
-9555.7273
-9557.5178
-9557.5178
-9557.5178
-9560.7281
-9560.7281
-9560.7281
-9560.7281
-9560.7281
-9582.2294
-9582.2294
-9582.2294
-9582.2294
-9582.2294
-9582.2294
-9582.2294
-9582.2294
-9582.2294
-9585.2978
-9585.2978
-9585.2978
-9585.2978
-9603.7325
-9603.7325
-9603.7325
-9603.7325
-9603.7325
-9603.7325
-9603.7325
-9603.7325
-9603.7325
-9603.7325
-9603.7325
-9603.7325
-9603.7325
-9603.7325
-9603.7325
-9603.7325
-9603.7325
-9603.7325
-9603.7325
-9603.7325
-9603.7325
-9603.7325
-9603.7325
-9603.7325
-9603.7325
-9603.7325
-9604.5176
-9604.5176
-9604.5176
-9620.3637
-9620.3637
-9620.3637
-9620.3637
-9620.3637
-9620.3637
-9620.3637
-9620.3637
-9620.3637
-9620.3637
-9624.7123
-9624.7123
-9624.7123
-9624.7123
-9630.8132
-9630.8132
-9630.8132
-9630.8132
-9630.8132
-9630.8132
-9630.8132
-9630.8132
-9630.8132
-9630.8132
-9630.8132
-9630.8132
-9630.8132
-9633.6010
-9633.6010
-9633.6010
-9634.3282
-9634.3282
-9634.3282
-9635.7517
-9635.7517
-9635.7517
-9635.7517
-9638.1114
-9641.9352
-9641.9352
-9641.9352
-9641.9352
-9641.9352
-9641.9352
-9641.9352
-9641.9352
-9641.9352
-9642.5488
-9642.5488
-9642.5488
-9642.5488
-9642.5488
-9642.5488
-9642.5488
-9642.5488
-9642.5488
-9642.5488
-9642.5488
-9659.6952
-9659.6952
-9659.6952
-9659.6952
-9659.6952
-9659.6952
-9659.6952
-9659.6952
-9659.6952
-9659.6952
-9659.6952
-9664.0215
-9664.0215
-9664.0215
-9664.0215
-9664.0215
-9664.0215
-9664.0215
-9664.4536
-9664.4536
-9664.6029
-9664.6029
-9664.6029
-9664.6029
-9664.6029
-9665.2764
-9665.2764
-9665.2764
-9665.2764
-9665.2764
-9665.2764
-9665.2764
-9665.2764
-9665.2764
-9665.2764
-9665.2764
-9665.2764
-9665.2764
-9671.5183
-9671.5183
-9671.5183
-9671.5183
-9671.5183
-9671.5183
-9671.5183
-9671.5183
-9671.5183
-9671.5183
-9671.5183
-9671.5183
-9671.5183
-9671.5183
-9679.5840
-9679.5840
-9679.5840
-9679.5840
-9679.5840
-9679.5840
-9679.5840
-9679.5840
-9679.5840
-9679.5840
-9679.5840
-9679.5840
-9679.5840
-9679.5840
-9679.5840
-9679.5840
-9679.5840
-9679.5840
-9679.5840
-9679.5840
-9679.5840
-9681.6629
-9681.6629
-9682.8198
-9682.8198
-9682.8198
-9682.8198
-9682.8198
-9682.8198
-9682.8198
-9682.8198
-9682.8198
-9682.8198
-9682.8198
-9682.8198
-9682.8198
-9682.8198
-9682.8198
-9682.8198
-9685.0717
-9685.0717
-9685.0717
-9685.0717
-9685.0717
-9685.0717
-9685.0717
-9685.0717
-9685.0717
-9685.0717
-9685.0717
-9691.4603
-9691.4603
-9691.4603
-9691.4603
-9691.4603
-9691.4603
-9691.4603
-9691.4603
-9691.4603
-9691.4603
-9691.4603
-9691.4603
-9691.4603
-9691.4603
-9691.4603
-9692.6042
-9692.6042
-9692.6042
-9692.6042
-9692.6042
-9692.6042
-9692.6042
-9692.6042
-9692.6042
-9692.6042
-9692.6042
-9692.6042
-9692.6042
-9692.6042
-9692.6042
-9692.6042
-9694.8108
-9694.8108
-9694.8108
-9698.6535
-9698.6535
-9698.6535
-9698.6535
-9698.6535
-9698.6535
-9698.6535
-9698.6535
-9698.6535
-9698.6535
-9700.2537
-9700.2537
-9700.2537
-9700.2537
-9700.2537
-9700.2537
-9703.6446
-9703.6446
-9703.6446
-9703.6446
-9703.6446
-9703.6446
-9703.6446
-9705.5241
-9707.3263
-9707.3263
-9707.3263
-9707.3263
-9707.3263
-9707.3263
-9707.3263
-9707.3263
-9707.3263
-9730.1190
-9730.1190
-9730.1190
-9730.1190
-9730.1190
-9730.1190
-9730.1190
-9730.1190
-9730.2843
-9730.2843
-9730.2843
-9730.2843
-9730.2843
-9730.2843
-9730.2843
-9730.2843
-9730.2843
-9730.2843
-9736.3180
-9736.3180
-9736.3180
-9736.3180
-9736.3180
-9736.3180
-9736.3180
-9736.3180
-9736.3180
-9736.3180
-9736.3180
-9736.3180
-9736.3180
-9736.3180
-9736.3180
-9736.3180
-9736.3180
-9736.3180
-9736.3180
-9736.3180
-9736.3180
-9736.3180
-9736.3180
-9736.3180
-9736.3180
-9736.3180
-9736.3180
-9736.3180
-9736.3180
-9736.3180
-9736.3180
-9736.3180
-9736.3180
-9744.6197
-9744.7761
-9744.7761
-9744.7761
-9744.7761
-9744.7761
-9744.7761
-9744.7761
-9744.7761
-9744.7761
-9750.1731
-9750.1731
-9750.1731
-9750.1731
-9750.1731
-9750.1731
-9752.6135
-9752.6135
-9752.6135
-9752.6135
-9752.6135
-9752.6135
-9752.6135
-9752.6135
-9752.6135
-9752.6135
-9752.6135
-9752.6135
-9752.6135
-9752.6135
-9752.6135
-9752.6135
-9752.6135
-9752.6135
-9752.6135
-9752.6135
-9752.6135
-9752.6135
-9752.6135
-9752.6135
-9752.6135
-9752.6135
-9753.7313
-9753.7313
-9753.7313
-9753.7313
-9753.7313
-9753.7313
-9753.7313
-9753.7313
-9753.7313
-9753.7313
-9753.7313
-9753.7313
-9753.7313
-9753.7313
-9753.7313
-9753.7313
-9753.7313
-9753.7313
-9753.7313
-9753.7313
-9753.7313
-9753.7313
-9754.7187
-9755.8554
-9755.8554
-9755.8554
-9755.8554
-9755.8554
-9755.8554
-9755.8554
-9755.9492
-9755.9492
-9755.9492
-9755.9492
-9755.9492
-9775.8363
-9776.3251
-9776.3251
-9776.3251
-9776.3251
-9776.3251
-9776.3251
-9776.3251
-9776.3251
-9776.3251
-9776.3251
-9776.3251
-9776.3251
-9776.3251
-9776.3251
-9784.7622
-9784.7622
-9784.7622
-9784.7622
-9784.7622
-9784.7622
-9784.7622
-9784.7622
-9784.7622
-9784.7622
-9784.7622
-9784.7622
-9784.7622
-9784.7622
-9784.7622
-9785.1127
-9785.1127
-9785.1127
-9787.2153
-9788.6659
-9788.6659
-9788.6659
-9788.6659
-9788.6659
-9788.6659
-9788.6659
-9788.6659
-9789.5221
-9789.5221
-9789.5221
-9789.5221
-9789.5221
-9789.5221
-9789.5221
-9789.5221
-9789.5221
-9789.5221
-9789.5221
-9789.5221
-9789.5221
-9789.5221
-9789.5221
-9789.5221
-9789.9027
-9789.9027
-9789.9027
-9789.9027
-9789.9027
-9789.9027
-9790.3279
-9790.3279
-9790.3279
-9790.3418
-9790.3418
-9790.3418
-9794.6525
-9794.6525
-9794.6525
-9794.6525
-9794.6525
-9794.6525
-9794.6525
-9794.6525
-9794.6525
-9794.6525
-9794.6525
-9794.6525
-9794.6525
-9794.6525
-9794.6525
-9794.6525
-9794.6525
-9794.6525
-9794.6525
-9794.6525
-9794.6525
-9794.6525
-9794.6525
-9794.6525
-9794.6525
-9794.6525
-9795.1222
-9795.1222
-9828.0880
-9828.0880
-9828.0880
-9828.0880
-9828.0880
-9828.0880
-9828.0880
-9828.0880
-9828.0880
-9828.0880
-9828.0880
-9828.0880
-9828.0880
-9828.0880
-9828.0880
-9828.0880
-9828.0880
-9828.0880
-9828.0880
-9828.0880
-9828.0880
-9828.0880
-9828.0880
-9831.1949
-9831.1949
-9831.1949
-9831.1949
-9836.5533
-9836.5533
-9836.5533
-9836.5533
-9836.5533
-9836.5533
-9836.5533
-9836.5533
-9836.5533
-9836.5533
-9836.5533
-9836.5533
-9836.5533
-9836.5533
-9836.5894
-9836.5894
-9836.5894
-9836.5894
-9836.5894
-9836.5894
-9836.5894
-9836.5894
-9836.5894
-9836.5894
-9836.5894
-9836.5894
-9836.5894
-9836.5894
-9836.5894
-9836.5894
-9836.5894
-9839.5563
-9839.5563
-9839.5563
-9840.2602
-9840.2602
-9840.2602
-9840.2602
-9840.2602
-9840.2602
-9840.9217
-9842.6948
-9842.6948
-9842.6948
-9842.6948
-9842.6948
-9842.6948
-9848.4226
-9848.4226
-9848.4226
-9848.4226
-9848.4226
-9848.4226
-9864.0927
-9864.0927
-9864.0927
-9864.0927
-9864.0927
-9864.0927
-9864.0927
-9864.0927
-9864.0927
-9864.0927
-9864.0927
-9864.0927
-9864.0927
-9864.0927
-9864.0927
-9864.0927
-9864.0927
-9864.0927
-9864.0927
-9864.0927
-9864.0927
-9864.0927
-9864.0927
-9864.0927
-9864.0927
-9864.0927
-9864.0927
-9864.0927
-9864.0927
-9864.0927
-9864.0927
-9864.0927
-9864.0927
-9864.0927
-9864.0927
-9864.0927
-9864.0927
-9864.0927
-9864.0927
-9864.0927
-9864.0927
-9864.0927
-9865.7014
-9865.7014
-9865.7014
-9865.7014
-9865.7014
-9865.7014
-9865.7613
-9865.7613
-9865.7613
-9865.7988
-9865.7988
-9866.8910
-9868.0217
-9868.0217
-9868.0217
-9868.0217
-9868.0217
-9868.0217
-9868.0217
-9868.0217
-9868.0217
-9868.0217
-9868.0217
-9868.0217
-9868.0217
-9868.0217
-9870.2472
-9870.2472
-9870.2472
-9870.2472
-9870.4716
-9870.4716
-9870.4716
-9870.4716
-9870.4716
-9870.4716
-9870.4716
-9871.8524
-9871.8524
-9871.8524
-9871.8524
-9871.8524
-9871.8524
-9871.8524
-9871.9569
-9873.0664
-9873.0664
-9873.0664
-9873.0664
-9873.0664
-9873.0664
-9873.0664
-9971.1141
-9971.1141
-9971.1141
-9971.1141
-9971.1141
-9971.1141
-9971.1141
-9971.1141
-9971.1141
-9971.1141
-9971.1141
-9971.1141
-9971.1141
-9971.1141
-9971.1141
-9971.1141
-9971.1141
-9971.1141
-9971.1141
-9971.1141
-9975.1917
-9975.1917
-9975.1917
-9975.1917
-9975.1917
-9975.1917
-9975.1917
-9975.1917
-9975.1917
-9975.1917
-9975.1917
-9975.1917
-9975.1917
-9975.1917
-9975.1917
-9975.1917
-9975.1917
-9999.3765
-9999.3765
-9999.3765
-9999.3765
-9999.3765
-9999.3765
-9999.3765
-9999.3765
-9999.3765
-9999.3765
-9999.3765
-9999.3765
-9999.3765
-9999.3765
-9999.3765
-10001.7846
-10001.7846
-10001.7846
-10001.7846
-10001.8158
-10001.8158
-10001.8158
-10001.8158
-10006.0174
-10006.8542
-10006.8542
-10006.8542
-10006.8542
-10006.8542
-10008.4956
-10008.4956
-10008.4956
-10008.4956
-10008.4956
-10008.4956
-10008.4956
-10008.4956
-10008.4956
-10008.4956
-10008.4956
-10008.4956
-10008.4956
-10015.7685
-10015.7685
-10015.7685
-10015.7685
-10015.7685
-10015.7685
-10015.7685
-10015.7685
-10015.7685
-10015.7685
-10015.7685
-10015.7685
-10015.7685
-10015.7685
-10015.7685
-10015.7685
-10015.7685
-10015.7685
-10015.7685
-10015.7685
-10015.7685
-10015.7685
-10015.7685
-10015.7685
-10015.7685
-10015.7685
-10015.7685
-10015.7685
-10015.7685
-10015.7685
-10024.7667
-10024.7667
-10024.7667
-10024.7667
-10024.7667
-10024.7667
-10024.7667
-10024.7667
-10024.7667
-10024.7667
-10024.7667
-10024.7667
-10024.7667
-10024.7667
-10024.7667
-10024.7667
-10024.7667
-10024.7667
-10024.7667
-10024.7667
-10024.7667
-10024.7667
-10024.7667
-10024.7667
-10024.7667
-10024.7667
-10024.7667
-10024.7667
-10024.7667
-10024.7667
-10024.7667
-10024.7667
-10024.7667
-10024.7667
-10024.7667
-10024.7667
-10024.7667
-10024.7667
-10024.7667
-10024.7667
-10024.7667
-10024.7667
-10024.7667
-10024.7667
-10024.7667
-10024.7667
-10037.1902
-10037.1902
-10037.1902
-10037.1902
-10037.1902
-10037.1902
-10037.1902
-10037.1902
-10037.1902
-10037.1902
-10037.1902
-10037.1902
-10037.1902
-10037.1902
-10037.1902
-10037.1902
-10037.1902
-10044.6095
-10044.6095
-10044.6095
-10044.6095
-10044.6095
-10044.6095
-10044.6095
-10044.6095
-10044.6095
-10044.6095
-10044.6095
-10044.6095
-10044.6095
-10044.6095
-10044.6095
-10044.6095
-10044.6095
-10044.6095
-10044.6095
-10044.6095
-10044.6095
-10044.6095
-10044.6095
-10044.6095
-10044.6095
-10044.6095
-10044.6095
-10044.6095
-10044.6095
-10045.4742
-10045.4742
-10045.4742
-10045.4742
-10045.4742
-10045.5428
-10045.5428
-10045.5428
-10045.5428
-10045.5428
-10045.5428
-10045.5428
-10045.5428
-10045.5428
-10045.5428
-10045.5428
-10045.5428
-10045.5428
-10045.5428
-10045.5428
-10045.5428
-10045.5428
-10045.5428
-10045.5428
-10045.6656
-10045.6930
-10045.6930
-10045.6930
-10045.6930
-10045.6930
-10045.6930
-10046.6893
-10046.6893
-10046.6893
-10046.6893
-10047.9562
-10047.9562
-10047.9562
-10047.9562
-10054.4311
-10054.4311
-10054.4311
-10054.4311
-10054.4311
-10054.4311
-10054.4311
-10054.4311
-10054.4311
-10054.4311
-10054.4311
-10054.4311
-10054.4311
-10054.4311
-10054.4311
-10054.4311
-10054.4311
-10054.4311
-10054.4311
-10054.4311
-10054.4311
-10054.4311
-10054.4311
-10054.4311
-10054.4311
-10056.7162
-10056.7162
-10056.7162
-10056.7162
-10056.7162
-10056.7162
-10056.7162
-10056.7162
-10056.8884
-10056.8884
-10056.8884
-10056.8884
-10056.8884
-10056.8884
-10056.8884
-10056.8884
-10056.8884
-10056.8884
-10056.8884
-10056.8884
-10056.8884
-10056.8884
-10056.8884
-10056.8884
-10056.8884
-10057.0483
-10057.0483
-10057.0483
-10057.0483
-10057.0483
-10058.5821
-10058.5821
-10058.5821
-10058.5821
-10058.5821
-10058.5821
-10058.5821
-10058.5821
-10058.5821
-10058.5821
-10058.5821
-10058.5821
-10058.5821
-10058.5821
-10058.5821
-10058.5821
-10058.5821
-10058.5821
-10058.5821
-10058.5821
-10058.5821
-10058.5821
-10058.5821
-10058.5821
-10058.5821
-10058.5821
-10058.5821
-10058.5821
-10058.5821
-10058.5821
-10058.5821
-10058.5821
-10058.5821
-10058.5821
-10058.5821
-10058.5821
-10058.5821
-10058.5821
-10058.5821
-10058.5821
-10058.5821
-10058.5821
-10058.5821
-10060.0937
-10060.0937
-10060.0937
-10060.0937
-10060.0937
-10060.0937
-10060.0937
-10060.0937
-10060.0937
-10060.0937
-10060.0937
-10060.0937
-10060.0937
-10060.0937
-10060.0937
-10060.0937
-10060.0937
-10060.0937
-10060.0937
-10060.0937
-10060.0937
-10060.0937
-10060.0937
-10060.0937
-10060.0937
-10060.0937
-10060.0937
-10060.0937
-10060.0937
-10060.0937
-10060.0937
-10060.0937
-10060.0937
-10060.0937
-10060.0937
-10060.0937
-10060.0937
-10060.0937
-10060.0937
-10060.0937
-10060.5565
-10060.5565
-10060.5565
-10060.5565
-10060.5565
-10060.5565
-10060.5565
-10060.5565
-10060.5565
-10060.5565
-10060.5565
-10060.5565
-10060.5565
-10060.5565
-10060.5565
-10060.5565
-10060.5565
-10061.2625
-10061.2625
-10061.2625
-10061.2625
-10061.2625
-10061.2625
-10061.2625
-10061.5266
-10061.5266
-10062.6963
-10062.6963
-10062.6963
-10063.6902
-10063.6902
-10063.6902
-10063.6902
-10063.6902
-10063.6902
-10063.6902
-10063.6902
-10063.6902
-10063.6902
-10063.6902
-10063.6902
-10063.6902
-10063.6902
-10063.6902
-10063.6902
-10063.6902
-10063.6902
-10063.6902
-10063.6902
-10063.6902
-10063.6902
-10063.6902
-10063.6902
-10063.6902
-10063.6902
-10063.6902
-10063.6902
-10063.6902
-10063.6902
-10063.6902
-10063.6902
-10063.6902
-10063.6902
-10063.6902
-10063.6902
-10063.6902
-10063.9363
-10063.9363
-10063.9363
-10063.9363
-10063.9363
-10063.9363
-10064.1013
-10064.1013
-10064.1013
-10064.1013
-10064.1013
-10064.1013
-10064.1013
-10064.1013
-10064.1013
-10064.1013
-10064.1013
-10064.1013
-10064.1013
-10064.1013
-10064.1013
-10064.1013
-10064.1013
-10064.1013
-10064.1013
-10064.1013
-10064.1013
-10064.1013
-10064.1013
-10064.1013
-10064.1013
-10064.1013
-10064.1013
-10064.1013
-10064.1013
-10064.1013
-10064.1013
-10064.1013
-10064.1013
-10064.1013
-10064.3733
-10064.3733
-10064.3733
-10064.3733
-10064.4307
-10064.4307
-10064.4307
-10064.4307
-10064.4307
-10064.4307
-10064.4307
-10064.4307
-10064.4307
-10064.4307
-10064.4307
-10064.4307
-10066.0165
-10066.0165
-10066.0165
-10066.0165
-10066.0165
-10066.0165
-10066.0165
-10066.0165
-10066.0165
-10066.0165
-10066.0165
-10066.0165
-10066.0165
-10066.0165
-10066.0165
-10066.0165
-10066.0165
-10066.0165
-10066.0165
-10066.0165
-10066.0165
-10066.0165
-10066.0165
-10066.0165
-10066.0165
-10066.0165
-10066.0165
-10066.0165
-10066.0165
-10066.0165
-10066.0165
-10066.0165
-10066.0165
-10066.0165
-10066.0165
-10066.0165
-10066.0165
-10066.0165
-10066.0165
-10066.0165
-10066.0165
-10265.7199
-10265.7199
-10265.7199
-10265.7199
-10265.7199
-10265.7199
-10265.7199
-10265.7199
-10265.7199
-10265.7199
-10265.7199
-10265.7199
-10265.7199
-10265.7199
-10265.7199
-10265.7199
-10265.7199
-10265.7199
-10265.7199
-10265.7199
-10265.7282
-10265.7282
-10265.7282
-10265.7282
-10265.7282
-10295.6835
-10295.6835
-10295.6835
-10295.6835
-10295.6835
-10295.6835
-10295.7690
-10295.7690
-10295.7690
-10295.7690
-10295.7690
-10295.7690
-10295.7690
-10295.7690
-10295.7690
-10295.7690
-10295.7690
-10295.7690
-10295.7690
-10295.7690
-10295.7690
-10295.7690
-10295.7690
-10295.7690
-10295.7690
-10295.7690
-10295.7690
-10295.7690
-10295.9274
-10296.0090
-10296.0090
-10296.0090
-10296.0090
-10296.0090
-10296.0090
-10296.0090
-10296.0090
-10296.2156
-10296.2156
-10296.2156
-10296.2156
-10296.2156
-10296.4617
-10296.4617
-10296.4617
-10296.4617
-10296.4617
-10296.4617
-10296.4617
-10296.4617
-10296.4617
-10296.4617
-10296.4617
-10296.4617
-10296.4617
-10296.4617
-10296.4617
-10296.4617
-10296.4617
-10296.4617
-10296.4617
-10296.4617
-10296.4617
-10296.4617
-10296.4969
-10296.4969
-10296.4969
-10296.4969
-10296.4969
-10296.4969
-10296.5001
-10296.5001
-10296.5895
-10296.5895
-10296.5895
-10296.5895
-10296.5895
-10296.5895
-10296.6645
-10296.6645
-10296.6645
-10296.6645
-10296.6645
-10296.6645
-10296.6645
-10296.6645
-10296.6645
-10296.6645
-10296.6645
-10296.6645
-10297.0299
-10297.0299
-10297.0299
-10297.0299
-10297.0299
-10297.0299
-10297.0299
-10301.0945
-10301.0945
-10301.0945
-10301.0945
-10301.0945
-10301.0945
-10301.0945
-10301.0945
-10301.0945
-10301.0945
-10301.0945
-10301.0945
-10301.0945
-10301.0945
-10301.0945
-10301.0945
-10301.0945
-10301.0945
-10301.0945
-10301.0945
-10301.0945
-10301.0945
-10301.1951
-10301.1951
-10301.1951
-10301.1951
-10301.1951
-10301.1951
-10301.1951
-10301.1951
-10301.1951
-10301.1951
-10301.1951
-10301.1951
-10301.1951
-10301.1951
-10301.1951
-10301.1951
-10301.1951
-10301.1951
-10301.1951
-10301.1951
-10301.1951
-10301.1951
-10301.1951
-10301.1951
-10301.1951
-10301.1951
-10301.1951
-10301.1951
-10301.1951
-10301.1951
-10301.1951
-10301.1951
-10301.1951
-10301.1951
-10301.1951
-10301.1951
-10301.1951
-10301.1951
-10301.1951
-10301.1951
-10301.2461
-10301.2461
-10301.2461
-10301.2461
-10301.2461
-10301.2461
-10301.2461
-10301.2461
-10301.3359
-10301.3359
-10301.3359
-10301.3359
-10301.3359
-10301.3359
-10301.3359
-10301.3359
-10301.3359
-10301.3359
-10301.3359
-10301.3359
-10301.3359
-10301.3359
-10301.3359
-10301.3359
-10301.3359
-10301.3359
-10301.7765
-10301.7765
-10301.7765
-10301.7765
-10301.7765
-10301.7765
-10301.7765
-10301.7765
-10301.7765
-10301.7765
-10301.7765
-10301.7765
-10301.7765
-10301.7765
-10301.7765
-10301.7765
-10301.7765
-10301.7765
-10301.7765
-10301.8613
-10301.8613
-10301.8613
-10301.8613
-10301.8613
-10301.8613
-10301.8613
-10301.8613
-10301.8613
-10301.8613
-10301.8613
-10301.8613
-10301.8613
-10301.8613
-10301.8613
-10301.8613
-10301.8613
-10301.8613
-10301.8613
-10301.8613
-10301.8613
-10301.8613
-10301.8613
-10301.8613
-10301.8613
-10301.8613
-10302.2472
-10302.2472
-10302.2472
-10302.2472
-10302.2472
-10302.2472
-10302.2472
-10302.2472
-10302.2472
-10302.2472
-10302.2472
-10302.2472
-10302.2472
-10302.2472
-10302.2472
-10302.2472
-10302.2472
-10302.2472
-10302.2472
-10302.2472
-10302.2472
-10302.2472
-10302.2472
-10302.2472
-10302.2472
-10302.2472
-10302.2472
-10302.2472
-10302.2472
-10302.2472
-10302.3251
-10302.3251
-10302.3251
-10302.3267
-10302.3267
-10302.3267
-10302.3267
-10302.3267
-10302.3267
-10303.1474
-10303.1474
-10303.1474
-10303.1474
-10303.1474
-10303.1474
-10303.1474
-10303.1474
-10303.1474
-10303.1474
-10303.1474
-10303.1474
-10303.1474
-10303.1474
-10303.1474
-10303.1474
-10303.1474
-10303.1474
-10303.1474
-10303.1474
-10303.1474
-10303.1474
-10303.1474
-10303.1474
-10303.1474
-10303.1474
-10303.1474
-10303.1474
-10303.1474
-10303.1474
-10303.1474
-10303.1474
-10303.1474
-10303.1474
-10303.1474
-10303.1474
-10303.1474
-10303.1474
-10303.1474
-10303.1474
-10303.1474
-10303.1474
-10303.1474
-10303.1474
-10303.1474
-10303.1474
-10303.1779
-10303.1779
-10303.1779
-10303.1779
-10303.1779
-10303.1779
-10303.1779
-10303.1816
-10303.1816
-10303.1816
-10303.1816
-10303.1816
-10303.1816
-10303.1892
-10303.1892
-10303.1892
-10303.3544
-10303.3544
-10303.3544
-10303.3544
-10303.3544
-10303.3544
-10303.3544
-10303.8202
-10303.8202
-10303.8202
-10303.8202
-10303.8202
-10303.8202
-10303.8202
-10303.8202
-10303.8202
-10303.8202
-10303.8202
-10303.8202
-10303.8202
-10303.8202
-10303.8202
-10303.8202
-10303.8202
-10303.8202
-10303.8202
-10303.8202
-10303.8202
-10303.8202
-10303.8202
-10303.8202
-10303.8202
-10303.8202
-10303.8202
-10303.8202
-10303.8202
-10303.8202
-10303.8202
-10303.8202
-10303.8202
-10303.8202
-10303.8202
-10303.8202
-10303.8202
-10303.8202
-10303.8202
-10303.8202
-10303.8202
-10303.8202
-10303.8202
-10303.8202
-10303.8202
-10303.8202
-10303.8202
-10303.8202
-10303.8202
-10303.8202
-10303.8202
-10303.8202
-10303.8202
-10303.8202
-10303.8202
-10303.8202
-10303.8202
-10303.8202
-10303.8202
-10303.8202
-10303.8202
-10303.8202
-10303.8202
-10303.8202
-10303.8689
-10303.8689
-10303.8689
-10303.8689
-10303.8689
-10303.8689
-10303.8689
-10303.8689
-10303.8689
-10303.8689
-10303.8689
-10303.8689
-10303.8689
-10303.8689
-10303.8689
-10303.8689
-10303.8689
-10303.8689
-10303.9182
-10303.9182
-10303.9182
-10303.9182
-10303.9182
-10303.9182
-10303.9182
-10303.9182
-10303.9182
-10303.9182
-10303.9182
-10303.9182
-10303.9182
-10303.9271
-10303.9271
-10303.9271
-10303.9271
-10303.9271
-10303.9271
-10303.9271
-10303.9271
-10303.9271
-10303.9271
-10303.9271
-10303.9271
-10303.9271
-10303.9271
-10303.9271
-10303.9271
-10303.9271
-10303.9271
-10303.9271
-10303.9271
-10303.9271
-10303.9271
-10304.0519
-10304.0519
-10304.0519
-10304.0519
-10304.0519
-10304.0519
-10304.0519
-10304.0519
-10304.0519
-10304.0519
-10304.0519
-10304.0519
-10304.0519
-10304.0519
-10304.0519
-10304.0519
-10304.0519
-10304.0519
-10304.0519
-10304.0519
-10304.0519
-10304.0519
-10304.0519
-10304.0519
-10304.0519
-10304.0519
-10304.0519
-10304.0519
-10304.0519
-10304.0519
-10304.0519
-10304.0519
-10304.0519
-10304.2978
-10304.2978
-10304.2978
-10304.2978
-10304.2978
-10304.2978
-10304.2978
-10304.2978
-10304.2978
-10304.2978
-10304.2978
-10304.2978
-10304.2978
-10304.2978
-10304.2978
-10304.2978
-10304.2978
-10304.2978
-10304.2978
-10304.2978
-10304.2978
-10304.2978
-10304.2978
-10304.2978
-10304.2978
-10304.2978
-10304.2978
-10304.2978
-10304.2978
-10304.2978
-10304.2978
-10304.2978
-10304.2978
-10304.2978
-10304.2978
-10304.2978
-10304.2978
-10304.2978
-10304.2978
-10304.2978
-10304.2978
-10304.2978
-10304.2978
-10304.2978
-10304.2978
-10304.2978
-10304.3920
-10304.3920
-10304.3920
-10304.3920
-10304.3920
-10304.3920
-10304.3920
-10304.3920
-10304.3920
-10304.3920
-10304.3920
-10304.3920
-10304.3920
-10304.3920
-10304.3920
-10304.3920
-10304.3920
-10304.3920
-10304.3920
-10304.3920
-10304.3920
-10304.3920
-10304.3920
-10304.3920
-10304.3920
-10304.3920
-10304.3920
-10304.4036
-10304.4036
-10304.4036
-10304.4036
-10304.4036
-10304.4036
-10304.6660
-10304.6660
-10304.6660
-10304.6660
-10304.6660
-10304.6660
-10304.6660
-10304.6660
-10304.6660
-10304.6660
-10304.6660
-10304.6660
-10304.6660
-10304.6660
-10304.6660
-10304.6660
-10304.6660
-10304.6660
-10304.6660
-10304.6660
-10304.6660
-10304.6660
-10304.6660
-10304.6660
-10304.7894
-10304.7894
-10304.7894
-10304.7894
-10304.7894
-10304.7894
-10304.7894
-10304.7894
-10304.7894
-10304.7894
-10304.7894
-10304.7894
-10304.7894
-10304.7894
-10304.7894
-10304.7894
-10304.7894
-10304.7894
-10304.7894
-10304.7894
-10304.7894
-10304.7894
-10304.7894
-10305.0663
-10305.0663
-10305.0663
-10305.0663
-10305.0663
-10305.0663
-10305.0663
-10305.0663
-10305.0663
-10305.0663
-10305.0663
-10305.0663
-10305.0663
-10305.0663
-10305.0663
-10305.0663
-10305.0663
-10305.0663
-10305.0663
-10305.0663
-10305.0663
-10305.0663
-10305.0663
-10305.0663
-10305.0663
-10305.0663
-10305.0663
-10305.0663
-10305.0663
-10305.0663
-10305.0663
-10305.0663
-10305.0663
-10305.0663
-10305.2101
-10305.2101
-10305.2101
-10305.2101
-10305.2101
-10305.2101
-10305.2101
-10305.2101
-10305.2101
-10305.2101
-10305.2101
-10305.2101
-10305.2101
-10305.2101
-10305.2101
-10305.2101
-10305.2101
-10305.2101
-10305.2101
-10305.2101
-10305.2101
-10305.2101
-10305.2101
-10305.2101
-10305.2101
-10305.2101
-10305.2101
-10305.2101
-10305.2101
-10305.2101
-10305.2101
-10305.2101
-10305.2101
-10305.2101
-10305.2101
-10305.2101
-10305.2101
-10305.2101
-10305.2101
-10305.2101
-10305.2101
-10305.2101
-10305.2101
-10305.2101
-10305.2101
-10305.2101
-10305.2101
-10305.2101
-10305.2101
-10305.2101
-10305.2101
-10305.2101
-10305.2101
-10305.2101
-10305.2101
-10305.2101
-10305.2120
-10305.2120
-10305.2120
-10305.2120
-10305.2120
-10305.2120
-10305.2120
-10305.2120
-10305.2120
-10305.2120
-10305.2120
-10305.2120
-10305.2120
-10305.2120
-10305.2120
-10305.2120
-10305.2120
-10305.2120
-10305.2120
-10305.2120
-10305.3613
-10305.3613
-10305.3613
-10305.3613
-10305.3613
-10305.3613
-10305.3613
-10305.3613
-10305.3613
-10305.3820
-10305.3820
-10305.3820
-10305.3820
-10305.3820
-10305.3820
-10305.4425
-10305.4425
-10305.4425
-10305.4425
-10305.4425
-10305.4425
-10305.4425
-10305.4425
-10305.4425
-10305.4425
-10305.4425
-10305.4425
-10305.4425
-10305.4425
-10305.4425
-10305.4425
-10305.4425
-10305.4425
-10305.4425
-10305.4425
-10305.4425
-10305.4425
-10305.4425
-10305.4425
-10305.4425
-10305.4425
-10305.4425
-10305.4425
-10305.4647
-10305.4647
-10305.4647
-10305.4647
-10305.4647
-10305.4647
-10305.4647
-10305.4647
-10305.4647
-10305.4647
-10305.4647
-10305.4647
-10305.4647
-10305.4647
-10305.4647
-10305.4647
-10305.4647
-10305.4647
-10305.4647
-10305.4647
-10305.4647
-10305.4647
-10305.4647
-10305.4647
-10305.4647
-10305.4647
-10305.4647
-10305.4748
-10305.4748
-10305.5527
-10305.5546
-10305.5546
-10305.5546
-10305.5546
-10305.5546
-10305.5546
-10305.5546
-10305.5546
-10305.5546
-10305.5546
-10305.5546
-10305.5546
-10305.5546
-10305.5546
-10305.5546
-10305.5546
-10305.5546
-10305.5546
-10305.5546
-10305.5546
-10305.5546
-10305.5654
-10305.5654
-10305.5654
-10305.5654
-10305.5654
-10305.5654
-10305.5654
-10305.5654
-10305.5654
-10305.5654
-10305.5654
-10305.5654
-10305.5654
-10305.5654
-10305.5654
-10305.5654
-10305.5654
-10305.5654
-10305.5654
-10305.5654
-10305.5654
-10305.5654
-10305.5654
-10305.5654
-10305.5654
-10305.5654
-10305.5654
-10305.5654
-10305.5654
-10305.5654
-10305.5654
-10305.5654
-10305.5654
-10305.5654
-10305.5961
-10305.5961
-10305.5961
-10305.5961
-10305.5961
-10305.5961
-10305.6035
-10305.6035
-10305.6035
-10305.6035
-10305.6035
-10305.6035
-10305.6035
-10305.8197
-10305.8197
-10305.8197
-10305.8197
-10305.8197
-10305.8197
-10305.8197
-10305.8197
-10305.8197
-10305.8909
-10305.8909
-10305.8909
-10305.8909
-10305.8909
-10305.8909
-10305.8909
-10305.8909
-10305.8909
-10305.8909
-10305.8909
-10305.9022
-10305.9022
-10305.9022
-10305.9022
-10305.9022
-10305.9022
-10305.9022
-10305.9022
-10305.9022
-10305.9022
-10305.9022
-10305.9022
-10305.9022
-10305.9022
-10305.9022
-10305.9022
-10305.9022
-10305.9022
-10305.9022
-10305.9022
-10305.9022
-10305.9022
-10305.9022
-10305.9022
-10305.9022
-10305.9022
-10305.9022
-10305.9022
-10305.9022
-10305.9022
-10305.9022
-10305.9022
-10305.9022
-10305.9022
-10305.9022
-10305.9022
-10305.9022
-10305.9022
-10305.9022
-10305.9022
-10305.9022
-10305.9022
-10305.9022
-10305.9022
-10305.9022
-10305.9022
-10305.9022
-10305.9022
-10305.9022
-10305.9049
-10305.9049
-10305.9049
-10305.9049
-10305.9049
-10305.9049
-10305.9049
-10305.9712
-10305.9712
-10305.9712
-10305.9712
-10305.9712
-10305.9712
-10305.9712
-10305.9712
-10305.9712
-10305.9712
-10305.9712
-10305.9712
-10305.9712
-10305.9712
-10305.9712
-10305.9712
-10305.9712
-10305.9712
-10305.9712
-10305.9712
-10305.9712
-10305.9712
-10305.9712
-10305.9712
-10305.9712
-10305.9712
-10305.9712
-10305.9907
-10306.0084
-10306.0084
-10306.0084
-10306.0084
-10306.0084
-10306.0084
-10306.0084
-10306.0084
-10306.0084
-10306.0084
-10306.1066
-10306.1066
-10306.1066
-10306.1066
-10306.1066
-10306.1980
-10306.1980
-10306.1980
-10306.1980
-10306.1980
-10306.1980
-10306.1980
-10306.1980
-10306.1980
-10306.1980
-10306.1980
-10306.1980
-10306.1980
-10306.1980
-10306.1980
-10306.1980
-10306.1980
-10306.1980
-10306.1980
-10306.1980
-10306.1980
-10306.1980
-10306.1980
-10306.1980
-10306.1980
-10306.1980
-10306.1980
-10306.1980
-10306.1980
-10306.1980
-10306.1980
-10306.1980
-10306.1980
-10306.1980
-10306.1980
-10306.1980
-10306.1980
-10306.1980
-10306.1980
-10306.1980
-10306.1980
-10306.1980
-10306.1980
-10306.1980
-10306.1980
-10306.1980
-10306.1980
-10306.1980
-10306.1980
-10306.1980
-10306.1980
-10306.1980
-10306.1980
-10306.1980
-10306.1980
-10306.1980
-10306.1980
-10306.1980
-10306.1980
-10306.1980
-10306.1980
-10306.1980
-10306.1980
-10306.1980
-10306.1980
-10306.1980
-10306.1980
-10306.1980
-10306.1980
-10306.1980
-10306.1980
-10306.1980
-10306.1980
-10306.2345
-10306.2345
-10306.2361
-10306.2361
-10306.2361
-10306.2361
-10306.2361
-10306.2361
-10306.2361
-10306.2361
-10306.2361
-10306.2361
-10306.2361
-10306.2361
-10306.2361
-10306.2361
-10306.2361
-10306.2361
-10306.2361
-10306.2361
-10306.2361
-10306.2361
-10306.2361
-10306.2361
-10306.2361
-10306.2361
-10306.2361
-10306.2361
-10306.2361
-10306.2361
-10306.2361
-10306.2361
-10306.2361
-10306.2361
-10306.2361
-10306.2361
-10306.2361
-10306.2361
-10306.2361
-10306.2361
-10306.2361
-10306.2361
-10306.2361
-10306.2361
-10306.2361
-10306.2361
-10306.2361
-10306.2361
-10306.2361
-10306.2361
-10306.2361
-10306.2361
-10306.2630
-10306.2630
-10306.2630
-10306.2630
-10306.2630
-10306.2630
-10306.2630
-10306.2630
-10306.2630
-10306.2630
-10306.2630
-10306.2630
-10306.2630
-10306.2630
-10306.2630
-10306.2630
-10306.2630
-10306.2630
-10306.2798
-10306.2798
-10306.2798
-10306.2798
-10306.2798
-10306.2798
-10306.2798
-10306.2798
-10306.2798
-10306.2798
-10306.2798
-10306.2798
-10306.2798
-10306.2798
-10306.2798
-10306.2821
-10306.2821
-10306.2821
-10306.2821
-10306.2821
-10306.2821
-10306.2821
-10306.2821
-10306.2821
-10306.2821
-10306.2821
-10306.2821
-10306.2821
-10306.2821
-10306.2821
-10306.2821
-10306.2821
-10306.2821
-10306.2821
-10306.2821
-10306.2821
-10306.2821
-10306.2821
-10306.2821
-10306.2821
-10306.2821
-10306.2821
-10306.3034
-10306.3034
-10306.3034
-10306.3034
-10306.3034
-10306.3034
-10306.3034
-10306.3034
-10306.3034
-10306.3034
-10306.3034
-10306.3034
-10306.3034
-10306.3034
-10306.3034
-10306.3034
-10306.3034
-10306.3034
-10306.3034
-10306.3034
-10306.3034
-10306.3034
-10306.3034
-10306.3034
-10306.3034
-10306.3034
-10306.3034
-10306.3034
-10306.3034
-10306.3034
-10306.3034
-10306.3034
-10306.3034
-10306.3034
-10306.3034
-10306.3034
-10306.3034
-10306.3034
-10306.3034
-10306.3034
-10306.3034
-10306.3034
-10306.3034
-10306.3034
-10306.3262
-10306.3262
-10306.3262
-10306.3262
-10306.3262
-10306.3262
-10306.3262
-10306.3262
-10306.3262
-10306.3262
-10306.3262
-10306.3262
-10306.3262
-10306.3262
-10306.3262
-10306.3262
-10306.3262
-10306.3262
-10306.3281
-10306.3281
-10306.3281
-10306.3281
-10306.3281
-10306.3530
-10306.3530
-10306.3530
-10306.3530
-10306.3530
-10306.3530
-10306.3530
-10306.3530
-10306.3530
-10306.3530
-10306.3530
-10306.3530
-10306.3530
-10306.3583
-10306.4000
-10306.4000
-10306.4000
-10306.4000
-10306.4000
-10306.4000
-10306.4000
-10306.4000
-10306.4000
-10306.4000
-10306.4000
-10306.4000
-10306.4000
-10306.4000
-10306.4000
-10306.4000
-10306.4000
-10306.4000
-10306.4000
-10306.4000
-10306.4000
-10306.4000
-10306.4000
-10306.4000
-10306.4000
-10306.4000
-10306.4000
-10306.4000
-10306.4000
-10306.4000
-10306.4000
-10306.4000
-10306.4000
-10306.4052
-10306.4052
-10306.4052
-10306.4052
-10306.4052
-10306.4052
-10306.4052
-10306.4052
-10306.4052
-10306.4052
-10306.4052
-10306.4052
-10306.4052
-10306.4052
-10306.4052
-10306.4052
-10306.4052
-10306.4052
-10306.4052
-10306.4052
-10306.4052
-10306.4052
-10306.4052
-10306.4052
-10306.4052
-10306.4052
-10306.4052
-10306.4052
-10306.4052
-10306.4052
-10306.4052
-10306.4052
-10306.4052
-10306.4052
-10306.4052
-10306.4052
-10306.4052
-10306.4052
-10306.4052
-10306.4052
-10306.4052
-10306.4052
-10306.4052
-10306.4052
-10306.4052
-10306.4052
-10306.4052
-10306.4052
-10306.4052
-10306.4052
-10306.4052
-10306.4052
-10306.4052
-10306.4052
-10306.4052
-10306.4052
-10306.4052
-10306.4052
-10306.4052
-10306.4052
-10306.4052
-10306.4052
-10306.4052
-10306.4052
-10306.4052
-10306.4052
-10306.4052
-10306.4052
-10306.4052
-10306.4052
-10306.4052
-10306.4052
-10306.4066
-10306.4066
-10306.4066
-10306.4066
-10306.4066
-10306.4066
-10306.4351
-10306.4351
-10306.4351
-10306.4351
-10306.4351
-10306.4351
-10306.4351
-10306.4351
-10306.4351
-10306.4351
-10306.4351
-10306.4351
-10306.4351
-10306.4351
-10306.4351
-10306.4351
-10306.4351
-10306.4351
-10306.4351
-10306.4351
-10306.4351
-10306.4351
-10306.4351
-10306.4351
-10306.4351
-10306.4351
-10306.4351
-10306.4351
-10306.4351
-10306.4351
-10306.4351
-10306.4351
-10306.4351
-10306.4351
-10306.4351
-10306.4351
-10306.4351
-10306.4351
-10306.4351
-10306.4351
-10306.4351
-10306.4351
-10306.4351
-10306.4351
-10306.4351
-10306.4351
-10306.4351
-10306.4351
-10306.4351
-10306.4351
-10306.4351
-10306.4351
-10306.4351
-10306.4351
-10306.4351
-10306.4351
-10306.4351
-10306.4351
-10306.4351
-10306.4351
-10306.4351
-10306.4351
-10306.4351
-10306.4351
-10306.4351
-10306.4433
-10306.4433
-10306.4433
-10306.4433
-10306.4433
-10306.4433
-10306.4433
-10306.4433
-10306.4433
-10306.4433
-10306.4433
-10306.4433
-10306.4433
-10306.4433
-10306.4433
-10306.4433
-10306.4433
-10306.4433
-10306.4433
-10306.4433
-10306.4433
-10306.4433
-10306.4433
-10306.4433
-10306.4433
-10306.4433
-10306.4433
-10306.4433
-10306.4433
-10306.4433
-10306.4433
-10306.4433
-10306.4433
-10306.4433
-10306.4433
-10306.4433
-10306.4433
-10306.4433
-10306.4433
-10306.4433
-10306.4433
-10306.4433
-10306.4433
-10306.4433
-10306.4433
-10306.4433
-10306.4433
-10306.4433
-10306.4433
-10306.4433
-10306.4623
-10306.4623
-10306.4623
-10306.4623
-10306.4623
-10306.4623
-10306.4623
-10306.4623
-10306.4623
-10306.4623
-10306.4623
-10306.4623
-10306.4623
-10306.4623
-10306.4623
-10306.4623
-10306.4623
-10306.4644
-10306.4644
-10306.4669
-10306.4669
-10306.4669
-10306.4669
-10306.4669
-10306.4669
-10306.4669
-10306.4669
-10306.4669
-10306.4669
-10306.4669
-10306.4669
-10306.4669
-10306.4669
-10413.7050
-10413.7050
-10413.7050
-10413.7050
-10413.7050
-10413.7050
-10413.7050
-10413.7050
-10413.7050
-10413.7050
-10413.7050
-10413.7050
-10413.7050
-10413.7050
-10413.7050
-10413.7050
-10413.7050
-10413.7050
-10413.7050
-10413.7050
-10413.7050
-10413.7050
-10413.7050
-10413.7050
-10413.7050
-10413.7050
-10413.7050
-10413.7050
-10413.7050
-10413.7050
-10413.7050
-10413.7050
-10413.7050
-10413.7050
-10413.7050
-10413.7050
-10413.7050
-10413.7050
-10413.7050
-10413.7050
-10413.7050
-10413.7050
-10413.7050
-10413.7050
-10413.7050
-10413.7050
-10413.7050
-10413.7050
-10413.7050
-10413.7050
-10413.7050
-10413.7050
-10413.7050
-10413.7050
-10413.7050
-10413.7050
-10413.7050
-10416.6086
-10416.6086
-10416.6086
-10416.6086
-10416.6086
-10416.6086
-10416.6086
-10416.6086
-10416.6086
-10416.6086
-10416.6086
-10416.6086
-10416.6086
-10416.6086
-10416.6086
-10416.6086
-10416.6086
-10416.6086
-10416.6086
-10416.6086
-10416.6086
-10416.6086
-10416.6086
-10416.6086
-10416.6086
-10416.6086
-10416.6086
-10416.6086
-10416.6086
-10416.6086
-10416.6086
-10416.6086
-10416.6086
-10416.6086
-10416.6086
-10416.6086
-10416.6086
-10424.7304
-10424.7304
-10424.7304
-10424.7304
-10424.7304
-10424.7311
-10424.7311
-10424.7311
-10424.7311
-10424.7311
-10424.7311
-10424.7311
-10424.7311
-10455.2592
-10455.2592
-10455.2592
-10455.2592
-10455.2592
-10455.2592
-10455.2592
-10455.2592
-10455.2592
-10455.2592
-10455.2592
-10455.2592
-10455.2592
-10455.2592
-10455.2592
-10455.2592
-10455.2592
-10455.2592
-10455.2592
-10455.2592
-10455.2592
-10455.2592
-10455.2592
-10455.2592
-10455.2592
-10455.2592
-10455.2592
-10455.2592
-10455.2592
-10455.2592
-10455.2592
-10455.2592
-10455.2592
-10455.2592
-10455.2592
-10455.2592
-10455.2592
-10455.2592
-10455.2592
-10455.2592
-10455.2592
-10455.2592
-10455.2592
-10455.2592
-10455.2592
-10455.2592
-10455.2592
-10455.2592
-10455.2592
-10455.2592
-10455.2592
-10455.2592
-10455.2592
-10455.2592
-10455.2592
-10455.2592
-10455.2592
-10455.2592
-10455.2592
-10455.2592
-10455.2592
-10455.2592
-10455.2592
-10455.2592
-10455.2592
-10455.2592
-10455.2592
-10455.2592
-10455.2592
-10455.2592
-10455.2592
-10455.2592
-10455.2592
-10455.2592
-10455.2592
-10455.2592
-10455.2592
-10455.2592
-10455.2592
-10455.2592
-10455.2592
-10455.2592
-10455.2592
-10455.2592
-10455.2592
-10455.2592
-10455.2592
-10455.2592
-10455.2592
-10455.2592
-10455.2592
-10455.2592
-10455.2592
-10455.2592
-10455.2592
-10455.2592
-10455.2592
-10455.2592
-10455.2592
-10455.2592
-10455.2592
-10455.2592
-10455.2592
-10455.2592
-10455.2592
-10455.2592
-10455.2592
-10455.2592
-10456.1531
-10456.1531
-10456.1531
-10456.1531
-10456.1531
-10456.1531
-10456.1531
-10456.1531
-10456.1531
-10466.5090
-10466.5090
-10466.5090
-10466.5090
-10466.5090
-10466.5090
-10466.5090
-10466.5090
-10466.5090
-10499.6035
-10499.6035
-10499.6035
-10499.6035
-10499.6035
-10499.6035
-10499.6035
-10499.6035
-10499.6035
-10499.6035
-10499.6035
-10499.6035
-10499.6035
-10499.6035
-10499.6035
-10499.6035
-10499.6035
-10499.6035
-10499.6035
-10499.6035
-10499.6035
-10499.6035
-10499.6035
-10499.6035
-10499.6035
-10499.6035
-10499.6035
-10499.6035
-10499.6035
-10499.6035
-10499.6035
-10499.6035
-10499.6035
-10499.6035
-10499.6035
-10499.6035
-10499.6035
-10499.6035
-10499.6035
-10499.6035
-10499.6035
-10499.6035
-10499.6035
-10499.6035
-10499.6035
-10499.6035
-10499.6035
-10499.6035
-10499.6035
-10499.6035
-10499.6035
-10499.6035
-10499.6035
-10499.6035
-10499.6035
-10499.6035
-10499.6035
-10499.6035
-10499.6035
-10499.6035
-10499.6035
-10499.6035
-10499.6035
-10499.6035
-10499.6035
-10499.6035
-10499.6035
-10499.6035
-10499.6035
-10499.6035
-10499.6035
-10499.6035
-10499.6035
-10499.6035
-10499.6035
-10499.6035
-10499.6035
-10499.6035
-10499.6035
-10499.6035
-10499.6035
-10499.6035
-10499.6035
-10499.6035
-10499.6035
-10499.6035
-10499.6035
-10499.6035
-10499.6035
-10499.6035
-10499.6035
-10499.6035
-10499.6035
-10499.6035
-10499.6035
-10499.6035
-10499.6035
-10499.6035
-10499.6035
-10499.6035
-10499.6035
-10499.6035
-10499.6035
-10499.6035
-10499.6035
-10499.6035
-10499.6035
-10499.6035
-10499.6035
-10499.6035
-10499.6035
-10499.6035
-10499.6035
-10499.6035
-10499.6035
-10499.6035
-10499.6035
-10499.6035
-10499.6035
-10499.6035
-10499.6035
-10499.6035
-10499.6035
-10499.6035
-10499.6035
-10499.6035
-10499.6035
-10499.6035
-10499.6035
-10499.6035
-10499.6035
-10499.6035
-10499.6035
-10499.6035
-10499.6035
-10499.6035
-10499.6035
-10499.6035
-10499.6035
-10499.6035
-10499.6035
-10499.6035
-10499.6035
-10499.6035
-10499.6035
-10499.6035
-10499.6035
-10499.6035
-10499.6035
-10499.6035
-10499.6035
-10499.6035
-10499.6035
-10499.6035
-10499.6035
-10499.6035
-10499.6035
-10499.6035
-10499.6035
-10499.6035
-10499.6035
-10499.6035
-10499.6035
-10499.6035
-10499.6035
-10499.6035
-10499.6035
-10499.6035
-10499.6035
-10499.6035
-10499.6035
-10499.6035
-10499.6035
-10508.0724
-10508.0724
-10508.0724
-10508.0724
-10508.0724
-10508.0724
-10508.0724
-10508.0724
-10508.0724
-10508.0724
-10508.0724
-10508.0724
-10508.0724
-10508.0724
-10508.0724
-10508.0724
-10508.0724
-10508.0724
-10508.0724
-10508.0724
-10508.0724
-10508.0724
-10508.0724
-10508.0724
-10508.0724
-10508.0724
-10508.0724
-10508.0724
-10508.0724
-10508.0724
-10508.0724
-10508.0724
-10508.0724
-10508.0724
-10508.0724
-10508.0724
-10508.0724
-10508.0724
-10508.0724
-10508.0724
-10508.0724
-10508.0724
-10508.0724
-10508.0724
-10508.0724
-10508.0724
-10508.0724
-10508.0724
-10508.0724
-10508.0724
-10508.0724
-10508.0724
-10508.0724
-10508.0724
-10508.0724
-10508.0724
-10508.0724
-10508.0724
-10508.0724
-10508.0724
-10508.0724
-10508.0724
-10508.0724
-10508.0724
-10508.0724
-10508.0724
-10508.0724
-10508.0724
-10508.0724
-10508.0724
-10508.0724
-10508.0724
-10508.0724
-10508.0724
-10508.0724
-10508.0724
-10509.1402
-10509.1402
-10509.1402
-10509.1402
-10509.1402
-10509.1402
-10509.1402
-10509.1402
-10509.1402
-10509.1402
-10509.1402
-10509.1402
-10509.1402
-10509.1402
-10509.1402
-10509.1402
-10509.1402
-10509.1402
-10509.1402
-10509.1402
-10509.1402
-10509.1402
-10509.1402
-10509.1402
-10509.1402
-10509.1402
-10509.1402
-10509.1402
-10509.1402
-10509.1402
-10509.1402
-10509.1402
-10509.1402
-10509.1402
-10509.1402
-10509.1402
-10509.1402
-10509.1402
-10509.1402
-10509.1402
-10509.1402
-10509.1402
-10509.1402
-10509.1402
-10509.1402
-10509.1402
-10509.1402
-10509.1402
-10509.1402
-10509.1402
-10509.1402
-10509.1402
-10509.1402
-10509.1402
-10509.1402
-10509.1402
-10509.1402
-10509.1402
-10509.1402
-10509.1402
-10509.1402
-10509.1402
-10509.1402
-10509.1402
-10509.1402
-10509.1402
-10509.1402
-10509.1402
-10509.1402
-10509.1402
-10509.1402
-10509.1402
-10509.1402
-10509.1402
-10509.1402
-10509.1402
-10509.1402
-10509.1402
-10509.1402
-10509.1402
-10509.1402
-10509.1402
-10509.1402
-10509.1402
-10509.2566
-10509.2566
-10509.2566
-10509.2566
-10509.2566
-10509.2566
-10509.2566
-10509.2566
-10509.2566
-10509.2566
-10509.2566
-10509.2835
-10509.2835
-10509.2835
-10509.2835
-10509.2835
-10509.2835
-10509.2835
-10509.2835
-10509.2835
-10509.2835
-10509.2835
-10509.2835
-10509.2835
-10509.2835
-10509.2835
-10509.2835
-10509.3054
-10509.3054
-10509.3054
-10509.3054
-10509.3054
-10509.3054
-10509.3054
-10509.3054
-10509.3054
-10509.3054
-10509.3054
-10509.3054
-10509.3054
-10509.3054
-10509.4148
-10509.4148
-10509.4148
-10509.4148
-10509.4148
-10509.4148
-10509.4148
-10509.4148
-10509.4148
-10509.4148
-10509.4148
-10509.4148
-10509.4148
-10509.4148
-10509.4148
-10509.4148
-10509.4148
-10509.4148
-10509.4148
-10509.4148
-10509.4148
-10509.4148
-10509.4148
-10509.4148
-10509.4148
-10509.4148
-10509.4148
-10509.4148
-10509.4148
-10509.4148
-10509.4148
-10509.4148
-10509.4148
-10509.4148
-10509.4148
-10509.4148
-10509.4148
-10509.4148
-10509.4148
-10509.4148
-10509.4148
-10509.4148
-10509.4148
-10509.4148
-10509.4529
-10509.4529
-10509.4529
-10509.4529
-10509.4529
-10509.4529
-10509.4529
-10509.4529
-10509.4529
-10509.4529
-10509.4529
-10509.4529
-10509.4817
-10509.4817
-10509.4817
-10509.4817
-10509.4817
-10509.4817
-10509.4817
-10509.4817
-10509.4817
-10509.4817
-10509.4817
-10509.4817
-10509.4817
-10509.4817
-10509.4817
-10509.4817
-10509.4817
-10509.4817
-10509.4817
-10509.4817
-10509.4817
-10509.4817
-10509.4817
-10509.4817
-10509.4817
-10509.4817
-10509.4817
-10509.4817
-10509.4817
-10509.4817
-10509.4817
-10509.4817
-10509.4817
-10509.4817
-10509.4817
-10509.4817
-10509.4817
-10509.5506
-10509.5702
-10509.5702
-10509.5702
-10509.5702
-10509.5702
-10509.5702
-10509.5702
-10509.5702
-10509.5702
-10509.5702
-10509.5702
-10509.5702
-10509.5702
-10509.5702
-10509.5702
-10509.5702
-10509.5702
-10509.5702
-10509.5702
-10509.5702
-10509.5702
-10509.5702
-10509.5702
-10509.5702
-10509.5702
-10509.5702
-10509.5702
-10509.5702
-10509.5702
-10509.5702
-10509.5702
-10509.5702
-10509.5702
-10509.5702
-10509.5702
-10509.5702
-10509.5702
-10509.5702
-10509.5702
-10509.5702
-10509.5781
-10509.5781
-10509.5781
-10509.5781
-10509.5781
-10509.5781
-10509.5781
-10509.5851
-10509.5851
-10509.5851
-10509.5851
-10509.5851
-10509.5851
-10509.5851
-10509.5851
-10509.5851
-10509.5851
-10509.5851
-10509.5851
-10509.5851
-10509.5851
-10509.5851
-10509.5851
-10509.5851
-10509.5851
-10509.5851
-10509.5851
-10509.6338
-10509.6338
-10509.6338
-10509.6338
-10509.6338
-10509.6338
-10509.6338
-10509.6338
-10509.6338
-10509.6338
-10509.6338
-10509.6338
-10509.6338
-10509.6338
-10509.6338
-10509.6338
-10509.6338
-10509.6338
-10509.6338
-10509.6338
-10509.6338
-10509.6338
-10509.6338
-10509.6338
-10509.6338
-10509.6338
-10509.6338
-10509.6338
-10509.6338
-10509.6338
-10509.6338
-10509.6338
-10509.6338
-10509.6338
-10509.6338
-10509.6338
-10509.6338
-10509.6338
-10509.6338
-10509.6338
-10509.6338
-10509.6338
-10509.6338
-10509.6338
-10509.6396
-10509.6396
-10509.6396
-10509.6396
-10509.6396
-10509.6396
-10509.6396
-10509.6396
-10509.6396
-10509.6396
-10509.6396
-10509.6396
-10509.6396
-10509.6396
-10509.6396
-10509.6396
-10509.6396
-10509.6499
-10509.6499
-10509.6499
-10509.6499
-10509.6499
-10509.6499
-10509.6499
-10509.6499
-10509.6499
-10509.6499
-10509.6499
-10509.6729
-10509.6729
-10509.6729
-10509.6729
-10509.6729
-10509.6838
-10509.6838
-10509.6838
-10509.6838
-10509.6838
-10509.6838
-10509.6838
-10509.6838
-10509.6838
-10509.7358
-10509.7358
-10509.7358
-10509.7358
-10509.7358
-10509.7358
-10509.7358
-10509.7358
-10509.7358
-10509.7358
-10509.7358
-10509.7358
-10509.7358
-10509.7358
-10509.7358
-10509.7358
-10509.7358
-10509.7358
-10509.7358
-10509.7358
-10509.7358
-10509.7358
-10509.7525
-10509.7525
-10509.7525
-10509.7525
-10509.7525
-10509.7525
-10509.7525
-10509.7525
-10509.7684
-10509.7684
-10509.7684
-10509.8990
-10509.8990
-10509.8990
-10509.8990
-10509.8990
-10509.8990
-10509.8990
-10509.8990
-10509.8990
-10509.8990
-10509.8990
-10509.8990
-10509.8990
-10510.2755
-10510.2755
-10510.2755
-10510.2755
-10510.2755
-10510.2755
-10510.2755
-10510.2755
-10510.2755
-10510.2755
-10510.2755
-10510.2755
-10510.2755
-10510.2755
-10510.2755
-10510.2755
-10510.2755
-10510.2755
-10510.2755
-10510.2755
-10510.2755
-10510.2755
-10510.2755
-10510.2755
-10510.2755
-10510.2755
-10510.2755
-10510.2755
-10510.2755
-10510.2755
-10510.2755
-10510.2755
-10510.2755
-10510.2755
-10510.2755
-10510.2755
-10510.2755
-10510.2755
-10510.2755
-10510.2755
-10510.2755
-10510.2755
-10510.2755
-10510.2755
-10510.2755
-10510.2755
-10510.2755
-10510.2755
-10510.2755
-10510.2755
-10510.2755
-10510.2755
-10510.2755
-10510.2755
-10510.2755
-10510.2755
-10510.2755
-10510.2755
-10510.2755
-10510.2755
-10510.2755
-10510.2755
-10510.2755
-10510.2755
-10510.2755
-10510.2755
-10510.2755
-10510.2755
-10510.2755
-10510.2755
-10510.2755
-10510.2755
-10510.2755
-10510.2755
-10510.2755
-10510.2755
-10510.2755
-10510.2755
-10510.2755
-10510.2755
-10510.2755
-10510.2755
-10510.2755
-10510.2755
-10510.2755
-10510.2755
-10510.3094
-10510.3094
-10510.3094
-10510.3094
-10510.3094
-10510.3094
-10510.3094
-10510.3094
-10510.3094
-10510.3094
-10510.3094
-10510.3094
-10510.3566
-10510.3566
-10510.3566
-10510.3566
-10510.3566
-10510.3566
-10510.3566
-10510.3566
-10510.3566
-10510.3566
-10510.3566
-10510.3566
-10510.3566
-10510.3566
-10510.3566
-10510.3566
-10510.3566
-10510.3566
-10510.3566
-10510.3566
-10510.3566
-10510.3566
-10510.3566
-10510.3566
-10510.3566
-10510.3566
-10510.3566
-10510.3566
-10510.3566
-10510.3566
-10510.3566
-10510.3566
-10510.3566
-10510.3566
-10510.3566
-10510.3566
-10510.3566
-10510.3566
-10510.3566
-10510.3566
-10510.3566
-10510.3566
-10510.3566
-10510.3566
-10510.3566
-10510.3566
-10510.3566
-10510.3566
-10510.3566
-10510.3566
-10510.3566
-10510.3566
-10510.3566
-10510.3566
-10510.3566
-10510.3566
-10510.3566
-10510.3566
-10510.3566
-10510.3566
-10510.3566
-10510.3566
-10510.3566
-10510.3566
-10510.3566
-10510.3566
-10510.3566
-10510.3566
-10510.3566
-10510.3566
-10510.3566
-10510.3566
-10510.3566
-10510.3566
-10510.3566
-10510.3566
-10510.3566
-10510.3566
-10510.3566
-10510.3566
-10510.3566
-10510.3566
-10510.3566
-10510.3566
-10510.3566
-10510.3566
-10510.3566
-10510.3566
-10510.3566
-10510.3566
-10510.3566
-10510.3566
-10510.3566
-10510.3566
-10510.3566
-10510.3566
-10510.3566
-10510.3566
-10510.3566
-10510.3566
-10510.3566
-10510.3566
-10510.3566
-10510.3566
-10510.3566
-10510.3566
-10510.3566
-10510.3566
-10510.3566
-10510.3566
-10510.3566
-10510.3566
-10510.3566
-10510.3566
-10510.3566
-10510.3566
-10510.4771
-10510.4771
-10510.4771
-10510.4771
-10510.4771
-10510.4771
-10510.4771
-10510.4771
-10510.4771
-10510.4771
-10510.4771
-10510.4771
-10510.4771
-10510.4771
-10510.4771
-10510.4771
-10510.4771
-10510.4771
-10510.4771
-10510.4771
-10510.4771
-10510.4771
-10510.4771
-10510.4771
-10510.4771
-10510.4771
-10510.4771
-10510.4771
-10510.4771
-10510.4771
-10510.4771
-10510.4771
-10510.4771
-10510.4771
-10510.4771
-10510.4771
-10510.4771
-10510.4771
-10510.4771
-10510.4771
-10510.4771
-10510.4771
-10510.4771
-10510.4771
-10510.4771
-10510.4771
-10510.4771
-10510.4771
-10510.4771
-10510.4771
-10510.4771
-10510.4771
-10510.4771
-10510.4771
-10510.4979
-10510.4979
-10510.4979
-10510.4979
-10510.4979
-10510.4979
-10510.4979
-10510.4979
-10510.4979
-10510.4979
-10510.4979
-10510.4979
-10510.4979
-10510.4979
-10510.4979
-10510.4979
-10510.4979
-10510.4979
-10510.4979
-10510.4979
-10510.4979
-10510.4979
-10510.4979
-10510.4979
-10510.4979
-10510.4979
-10510.4979
-10510.4979
-10510.4979
-10510.4979
-10510.4979
-10510.4979
-10510.4979
-10510.4979
-10510.4979
-10510.4979
-10510.4979
-10510.4979
-10510.4979
-10510.4979
-10510.4979
-10510.4979
-10510.4979
-10510.4979
-10510.4979
-10510.4979
-10510.4979
-10510.4979
-10510.4979
-10510.4979
-10510.4979
-10510.4979
-10510.4979
-10510.4979
-10510.4979
-10510.5048
-10510.5048
-10510.5048
-10510.5048
-10510.5048
-10510.5048
-10510.5048
-10510.5048
-10510.5048
-10510.5048
-10510.5048
-10510.5048
-10510.5048
-10510.5048
-10510.5048
-10510.5048
-10510.5048
-10510.5048
-10510.5048
-10510.5048
-10510.5048
-10510.5048
-10510.5116
-10510.5116
-10510.5116
-10510.5116
-10510.5116
-10510.5116
-10510.5116
-10510.5116
-10510.5116
-10510.5116
-10510.5116
-10510.5116
-10510.5116
-10510.5116
-10510.5116
-10510.5116
-10510.5116
-10510.5116
-10510.5116
-10510.5116
-10510.5116
-10510.5707
-10510.5707
-10510.5707
-10510.5707
-10510.5707
-10510.5707
-10510.5707
-10510.5707
-10510.5707
-10510.5707
-10510.5707
-10510.5707
-10510.5707
-10510.5707
-10510.5707
-10510.5707
-10510.5707
-10510.5707
-10510.5707
-10510.5707
-10510.5707
-10510.5707
-10510.5707
-10510.5707
-10510.5707
-10510.5707
-10510.5707
-10510.5707
-10510.5707
-10510.5707
-10510.5707
-10510.5707
-10510.5707
-10510.5707
-10510.5707
-10510.5707
-10510.5707
-10510.5707
-10510.5707
-10510.5707
-10510.5707
-10510.5707
-10510.5707
-10510.5707
-10510.5707
-10510.5707
-10510.5707
-10510.5707
-10510.5707
-10510.5707
-10510.5707
-10510.5707
-10510.5707
-10510.5707
-10510.5707
-10510.5707
-10510.5707
-10510.5707
-10510.5707
-10510.5765
-10510.5765
-10510.5765
-10510.5765
-10510.5765
-10510.5765
-10510.5765
-10510.5765
-10510.5765
-10510.5765
-10510.5765
-10510.5765
-10510.5765
-10510.5765
-10510.5765
-10510.5765
-10510.5765
-10510.5765
-10510.5765
-10510.5765
-10510.5765
-10510.5765
-10510.5765
-10510.5765
-10510.5765
-10510.5765
-10510.5765
-10510.5765
-10510.5765
-10510.5765
-10510.5765
-10510.5765
-10510.5765
-10510.5765
-10510.5765
-10510.5765
-10510.5765
-10510.5765
-10510.5765
-10510.5765
-10510.5765
-10510.5765
-10510.5765
-10510.5765
-10510.5765
-10510.5765
-10510.6157
-10510.6157
-10510.6157
-10510.6157
-10510.6157
-10510.6157
-10510.6157
-10510.6157
-10510.6157
-10510.6157
-10510.6157
-10510.6157
-10510.6157
-10510.6157
-10510.6157
-10510.6157
-10510.6157
-10510.6157
-10510.6157
-10510.6157
-10510.6157
-10510.6157
-10510.6157
-10510.6157
-10510.6157
-10510.6157
-10510.6157
-10510.6157
-10510.6157
-10510.6157
-10510.6157
-10510.6157
-10510.6157
-10510.6157
-10510.6157
-10510.6157
-10510.6157
-10510.6157
-10510.6157
-10510.6157
-10510.6157
-10510.6157
-10510.6157
-10510.6157
-10510.6157
-10510.6157
-10510.6157
-10510.6157
-10510.6157
-10510.6157
-10510.6157
-10510.6157
-10510.6157
-10510.6157
-10510.6157
-10510.6157
-10510.6157
-10510.6157
-10510.6157
-10510.6157
-10510.6157
-10510.6157
-10510.6157
-10510.6157
-10510.6157
-10510.6157
-10510.6157
-10510.6157
-10510.6157
-10510.6157
-10510.6157
-10510.6157
-10510.6157
-10510.6157
-10510.6157
-10510.6216
-10510.6216
-10510.6216
-10510.6216
-10510.6216
-10510.6216
-10510.6216
-10510.6242
-10510.6242
-10510.6242
-10510.6242
-10510.6242
-10510.6242
-10510.6291
-10510.6291
-10510.6291
-10510.6291
-10510.6291
-10510.6291
-10510.6291
-10510.6291
-10510.6291
-10510.6291
-10510.6291
-10510.6291
-10510.6291
-10510.6291
-10510.6291
-10510.6291
-10510.6291
-10510.6291
-10510.6291
-10510.6291
-10510.6291
-10510.6291
-10510.7664
-10510.7664
-10510.7664
-10510.7664
-10510.7664
-10510.7664
-10510.7664
-10510.7664
-10510.7664
-10510.7664
-10510.7664
-10510.7664
-10510.7664
-10510.7664
-10510.7664
-10510.7664
-10510.7664
-10510.7664
-10510.7664
-10510.7664
-10510.7664
-10510.7664
-10510.7664
-10510.7664
-10510.7664
-10510.7664
-10510.7664
-10510.7664
-10510.7664
-10510.7664
-10510.7664
-10510.7664
-10510.7664
-10510.7664
-10510.7664
-10510.7664
-10510.7664
-10510.7664
-10510.7664
-10510.7664
-10510.7664
-10510.7664
-10510.7664
-10510.7664
-10510.7664
-10510.7664
-10510.7664
-10510.7664
-10510.7664
-10510.7664
-10510.7664
-10510.7664
-10510.7664
-10510.7664
-10510.7664
-10510.7664
-10510.7664
-10510.7664
-10510.7664
-10510.7664
-10510.7664
-10510.7818
-10510.7818
-10510.7818
-10510.7818
-10510.7818
-10510.7818
-10510.7818
-10510.7818
-10510.7818
-10510.7818
-10510.7818
-10510.7818
-10510.7818
-10510.7818
-10510.7818
-10510.7818
-10510.7818
-10510.7818
-10510.7818
-10510.7818
-10510.7818
-10510.7818
-10510.8489
-10510.8489
-10510.8489
-10510.8489
-10510.8489
-10510.8489
-10510.8489
-10510.8489
-10510.8489
-10510.8489
-10510.8489
-10510.8489
-10510.8489
-10510.8489
-10510.8489
-10510.8489
-10510.8489
-10510.8489
-10510.8489
-10510.8489
-10510.8489
-10510.8489
-10510.8489
-10510.8489
-10510.8489
-10510.8489
-10510.8489
-10510.8489
-10510.8489
-10510.8489
-10510.8783
-10510.8783
-10510.8783
-10510.8783
-10510.8783
-10510.8783
-10510.8783
-10510.8783
-10510.8783
-10510.8783
-10510.8783
-10510.8783
-10510.8783
-10510.8783
-10510.8783
-10510.8783
-10510.8783
-10510.8783
-10510.8783
-10510.8783
-10510.8783
-10510.8783
-10510.8783
-10510.8783
-10510.8783
-10510.8783
-10510.8783
-10510.8783
-10510.8783
-10510.8783
-10510.8783
-10510.8783
-10510.8783
-10510.8783
-10510.8783
-10510.8783
-10510.8783
-10510.8783
-10510.8783
-10510.8783
-10510.8783
-10510.8783
-10510.8783
-10510.8783
-10510.8783
-10510.8783
-10510.8783
-10510.8783
-10510.8783
-10510.8783
-10510.8783
-10510.8783
-10510.9407
-10510.9407
-10510.9407
-10510.9407
-10510.9407
-10510.9407
-10510.9407
-10510.9407
-10510.9407
-10510.9407
-10510.9407
-10510.9407
-10510.9407
-10510.9407
-10510.9407
-10510.9407
-10510.9407
-10510.9407
-10510.9407
-10510.9407
-10510.9407
-10510.9407
-10510.9407
-10510.9407
-10510.9407
-10510.9407
-10510.9407
-10510.9407
-10510.9407
-10510.9407
-10510.9407
-10510.9407
-10510.9407
-10510.9407
-10510.9407
-10510.9407
-10510.9407
-10510.9407
-10510.9407
-10510.9407
-10510.9407
-10510.9407
-10510.9407
-10510.9407
-10510.9407
-10510.9407
-10510.9407
-10510.9407
-10510.9407
-10510.9407
-10510.9407
-10510.9407
-10510.9407
-10510.9407
-10510.9407
-10510.9407
-10510.9407
-10510.9407
-10510.9407
-10510.9407
-10510.9407
-10510.9407
-10510.9407
-10510.9407
-10510.9407
-10510.9407
-10510.9407
-10510.9407
-10510.9407
-10510.9407
-10510.9407
-10510.9407
-10510.9407
-10510.9407
-10510.9407
-10510.9407
-10510.9407
-10510.9407
-10510.9407
-10510.9407
-10510.9407
-10510.9407
-10510.9407
-10510.9407
-10510.9407
-10510.9407
-10510.9407
-10510.9407
-10510.9407
-10510.9407
-10510.9407
-10510.9407
-10510.9407
-10510.9407
-10510.9407
-10510.9407
-10510.9407
-10510.9407
-10510.9407
-10510.9407
-10510.9407
-10510.9407
-10510.9407
-10510.9407
-10510.9407
-10510.9407
-10510.9407
-10510.9407
-10510.9407
-10510.9407
-10510.9407
-10510.9407
-10510.9407
-10510.9407
-10510.9407
-10510.9407
-10510.9407
-10510.9407
-10510.9407
-10510.9407
-10510.9407
-10510.9407
-10510.9407
-10510.9407
-10510.9407
-10510.9407
-10510.9407
-10510.9407
-10510.9407
-10510.9407
-10510.9407
-10510.9407
-10510.9407
-10510.9407
-10510.9407
-10510.9407
-10510.9407
-10510.9407
-10510.9407
-10510.9407
-10510.9407
-10510.9407
-10510.9407
-10510.9407
-10510.9407
-10510.9407
-10510.9407
-10510.9407
-10510.9407
-10510.9407
-10510.9407
-10510.9407
-10510.9407
-10510.9407
-10510.9407
-10510.9407
-10510.9407
-10510.9407
-10510.9407
-10510.9407
-10510.9407
-10510.9407
-10510.9407
-10510.9407
-10510.9407
-10510.9407
-10510.9407
-10510.9407
-10510.9407
-10510.9407
-10510.9407
-10510.9407
-10510.9407
-10510.9407
-10510.9407
-10510.9407
-10510.9407
-10510.9407
-10510.9407
-10510.9407
-10510.9407
-10510.9407
-10510.9407
-10510.9407
-10510.9407
-10510.9407
-10510.9407
-10510.9407
-10510.9407
-10510.9407
-10510.9407
-10510.9407
-10510.9407
-10510.9407
-10510.9407
-10510.9407
-10510.9407
-10510.9407
-10510.9407
-10510.9407
-10510.9407
-10510.9407
-10510.9407
-10510.9407
-10510.9407
-10510.9407
-10510.9407
-10510.9407
-10510.9407
-10510.9407
-10510.9407
-10510.9407
-10510.9407
-10510.9407
-10510.9407
-10510.9407
-10510.9407
-10510.9407
-10510.9407
-10510.9407
-10510.9407
-10510.9407
-10510.9407
-10510.9407
-10510.9407
-10510.9407
-10510.9446
-10510.9446
-10510.9446
-10510.9446
-10510.9446
-10510.9446
-10510.9446
-10510.9446
-10510.9446
-10510.9446
-10510.9447
-10510.9447
-10510.9447
-10510.9447
-10510.9447
-10510.9447
-10510.9447
-10510.9447
-10510.9447
-10510.9447
-10510.9447
-10510.9447
-10510.9447
-10510.9447
-10510.9447
-10510.9447
-10510.9447
-10510.9447
-10510.9447
-10510.9447
-10510.9447
-10510.9447
-10510.9447
-10510.9447
-10510.9447
-10510.9447
-10510.9447
-10510.9447
-10510.9447
-10510.9447
-10510.9447
-10510.9447
-10510.9447
-10510.9447
-10510.9447
-10510.9447
-10510.9447
-10510.9447
-10510.9749
-10510.9749
-10510.9749
-10510.9749
-10510.9749
-10510.9749
-10510.9749
-10510.9749
-10510.9749
-10510.9749
-10510.9749
-10510.9749
-10510.9749
-10510.9749
-10510.9749
-10510.9749
-10510.9749
-10510.9749
-10510.9749
-10510.9749
-10510.9749
-10510.9749
-10510.9749
-10510.9749
-10510.9749
-10510.9749
-10510.9749
-10510.9749
-10510.9749
-10510.9749
-10510.9749
-10510.9749
-10510.9749
-10510.9749
-10510.9749
-10510.9749
-10510.9749
-10510.9749
-10510.9749
-10510.9749
-10510.9749
-10510.9749
-10510.9749
-10510.9749
-10510.9749
-10510.9749
-10510.9749
-10510.9749
-10510.9749
-10510.9749
-10510.9749
-10510.9749
-10510.9749
-10510.9749
-10510.9749
-10510.9749
-10510.9749
-10510.9749
-10510.9749
-10510.9749
-10510.9749
-10510.9749
-10510.9749
-10510.9749
-10510.9930
-10510.9930
-10510.9930
-10510.9930
-10510.9930
-10510.9930
-10510.9930
-10510.9930
-10510.9930
-10510.9930
-10510.9930
-10510.9930
-10510.9930
-10510.9930
-10510.9930
-10510.9930
-10510.9930
-10510.9930
-10510.9930
-10510.9930
-10510.9930
-10510.9930
-10510.9930
-10510.9930
-10510.9930
-10510.9930
-10510.9930
-10510.9930
-10510.9930
-10510.9930
-10510.9930
-10510.9930
-10510.9930
-10510.9930
-10510.9930
-10510.9930
-10510.9930
-10510.9930
-10510.9930
-10510.9930
-10510.9930
-10510.9930
-10510.9930
-10510.9930
-10510.9930
-10510.9930
-10510.9930
-10510.9930
-10510.9930
-10510.9930
-10510.9930
-10510.9930
-10510.9930
-10510.9930
-10510.9930
-10510.9930
-10510.9930
-10510.9930
-10510.9930
-10510.9930
-10510.9930
-10510.9930
-10510.9930
-10510.9930
-10510.9930
-10510.9930
-10510.9930
-10510.9930
-10510.9930
-10510.9930
-10510.9930
-10510.9930
-10510.9930
-10510.9930
-10510.9930
-10510.9930
-10510.9930
-10510.9930
-10510.9930
-10510.9930
-10510.9930
-10510.9930
-10510.9930
-10510.9930
-10510.9930
-10510.9930
-10510.9930
-10510.9930
-10510.9930
-10510.9930
-10510.9930
-10510.9930
-10510.9930
-10510.9930
-10510.9930
-10510.9930
-10510.9930
-10510.9930
-10510.9930
-10510.9930
-10510.9930
-10510.9930
-10510.9930
-10510.9930
-10510.9930
-10510.9930
-10510.9930
-10510.9930
-10510.9930
-10510.9930
-10510.9930
-10510.9930
-10510.9930
-10510.9930
-10510.9930
-10510.9930
-10510.9930
-10510.9930
-10510.9930
-10510.9930
-10510.9930
-10510.9930
-10510.9930
-10510.9930
-10510.9930
-10510.9930
-10510.9930
-10510.9930
-10510.9930
-10510.9930
-10510.9930
-10510.9930
-10510.9930
-10510.9930
-10510.9930
-10510.9930
-10510.9930
-10510.9930
-10510.9930
-10510.9930
-10510.9930
-10510.9930
-10510.9930
-10510.9930
-10510.9930
-10510.9930
-10510.9930
-10510.9930
-10510.9930
-10510.9930
-10510.9930
-10510.9930
-10510.9930
-10510.9930
-10510.9930
-10510.9930
-10510.9930
-10510.9930
-10510.9930
-10511.0020
-10511.0020
-10511.0020
-10511.0020
-10511.0020
-10511.0020
-10511.0020
-10511.0020
-10511.0020
-10511.0020
-10511.0020
-10511.0020
-10511.0020
-10511.0020
-10511.0020
-10511.0020
-10511.0020
-10511.0020
-10511.0020
-10511.0020
-10511.0020
-10511.0020
-10511.0020
-10511.0020
-10511.0020
-10511.0020
-10511.0020
-10511.0020
-10511.0020
-10511.0020
-10511.0020
-10511.0020
-10511.0020
-10511.0020
-10511.0020
-10511.0020
-10511.0020
-10511.0020
-10511.0020
-10511.0020
-10511.0020
-10511.0020
